#       r                g_cl(r)        g_cl-cl(r)         g_11(r)
         0.50000         0.00000         0.00000         0.00000
         1.00000         0.00000         0.00000         0.00000
         1.50000         0.00000         0.00000         0.00000
         2.00000         0.00000         0.00000         0.00000
         2.50000         0.00000         0.00000         0.00000
         3.00000         0.30127         0.00000         0.25636
         3.50000        12.43498         0.00000        11.91667
         4.00000        12.69832         0.00000        17.60819
         4.50000         4.39431         0.00000         9.67922
         5.00000         1.50811         0.00000         5.19094
         5.50000         1.14424         0.00000         3.60354
         6.00000         2.82315         0.00000         4.03783
         6.50000         5.96472         0.00000         6.27637
         7.00000         7.47908         0.00000         8.43317
         7.50000         7.48745         0.00000         9.68060
         8.00000         4.97592         0.00000         8.48456
         8.50000         2.59494         0.00000         6.24080
         9.00000         2.05217         0.00000         4.99786
         9.50000         3.78400         0.00000         5.35815
        10.00000         6.57983         0.00000         6.92934
        10.50000         6.50148         0.00000         7.68798
        11.00000         5.34339         0.00000         7.54469
        11.50000         4.36142         0.00000         7.07321
        12.00000         3.35623         0.00000         6.15967
        12.50000         3.11343         0.00000         5.52241
        13.00000         4.31345         0.00000         5.80045
        13.50000         5.72406         0.00000         6.66587
        14.00000         5.92332         0.00000         7.00632
        14.50000         4.74091         0.00000         6.63934
        15.00000         3.91862         0.00000         6.18999
        15.50000         3.59414         0.00000         5.79244
        16.00000         3.62182         0.00000         5.61335
        16.50000         4.34728         0.00000         5.81665
        17.00000         5.07235         0.00000         6.19824
        17.50000         5.11982         0.00000         6.31395
        18.00000         4.42754         0.00000         6.01283
        18.50000         3.84457         0.00000         5.61285
        19.00000         3.67686         0.00000         5.39487
        19.50000         3.79467         0.00000         5.41139
        20.00000         4.20252         0.00000         5.58339
        20.50000         4.53891         0.00000         5.68368
        21.00000         4.46039         0.00000         5.64824
        21.50000         4.09362         0.00000         5.43931
        22.00000         3.76023         1.25421         5.15978
        22.50000         3.59833         0.00000         5.01185
        23.00000         3.78195         0.00000         5.06760
        23.50000         3.99539         1.17415         5.16056
        24.00000         4.06055         0.00000         5.18499
        24.50000         3.97830         0.00000         5.05944
        25.00000         3.72582         0.00000         4.87891
        25.50000         3.56264         0.00000         4.70144
        26.00000         3.35819         0.00000         4.63328
        26.50000         3.49542         1.04123         4.63204
        27.00000         3.55509         0.00000         4.68835
        27.50000         3.68137         1.00337         4.65930
        28.00000         3.50206         0.00000         4.52709
        28.50000         3.32341         0.96816         4.36663
        29.00000         3.18312         0.00000         4.24324
        29.50000         3.21981         0.93534         4.20899
        30.00000         3.02082         1.83951         4.18965
        30.50000         3.10640         0.90468         4.18450
        31.00000         2.99863         0.89008         4.13774
        31.50000         2.96270         2.62787         4.01217
        32.00000         2.89064         1.72454         3.88488
        32.50000         2.63259         1.69801         3.79171
        33.00000         2.63079         0.00000         3.75271
        33.50000         2.60126         1.64732         3.73265
        34.00000         2.43974         0.00000         3.69721
        34.50000         2.33248         1.59957         3.61624
        35.00000         2.26653         0.78836         3.53700
        35.50000         2.20469         0.00000         3.41532
        36.00000         2.03217         1.53292         3.33712
        36.50000         1.98020         1.51192         3.29713
        37.00000         1.82056         0.74575         3.27467
        37.50000         1.70469         0.73580         3.21330
        38.00000         1.50954         2.90449         3.14749
        38.50000         1.41286         2.15008         3.05503
        39.00000         1.28151         0.70750         2.97331
        39.50000         1.16585         0.00000         2.90392
        40.00000         0.99810         0.00000         2.85062
        40.50000         0.87774         0.00000         2.81500
        41.00000         0.79938         1.34598         2.76253
        41.50000         0.65370         0.00000         2.68753
        42.00000         0.51350         0.00000         2.61348
        42.50000         0.46666         0.64924         2.53815
        43.00000         0.37952         0.64169         2.48319
        43.50000         0.27365         0.00000         2.43018
        44.00000         0.25950         0.62711         2.38230
        44.50000         0.17661         0.00000         2.32592
        45.00000         0.14474         0.00000         2.26387
        45.50000         0.09934         0.00000         2.19471
        46.00000         0.07736         0.00000         2.12846
        46.50000         0.05463         0.00000         2.08348
        47.00000         0.03533         0.58708         2.03408
        47.50000         0.02451         0.00000         1.97448
        48.00000         0.02022         0.57485         1.92708
        48.50000         0.01034         0.00000         1.86638
        49.00000         0.00540         0.00000         1.80643
        49.50000         0.00398         0.00000         1.75636
        50.00000         0.00147         0.00000         1.70571
        50.50000         0.00189         0.00000         1.65809
        51.00000         0.00188         0.00000         1.60723
        51.50000         0.00093         0.00000         1.56355
        52.00000         0.00046         0.53063         1.50289
        52.50000         0.00000         0.00000         1.45422
        53.00000         0.00000         0.00000         1.40811
        53.50000         0.00000         0.00000         1.36020
        54.00000         0.00044         0.00000         1.31899
        54.50000         0.00000         0.00000         1.27181
        55.00000         0.00000         0.00000         1.23365
        55.50000         0.00000         0.00000         1.18224
        56.00000         0.00000         0.00000         1.13986
        56.50000         0.00000         0.00000         1.09400
        57.00000         0.00000         0.00000         1.05405
        57.50000         0.00000         0.00000         1.01365
        58.00000         0.00000         0.00000         0.97951
        58.50000         0.00000         0.00000         0.93893
        59.00000         0.00000         0.00000         0.89871
        59.50000         0.00000         0.00000         0.85984
        60.00000         0.00000         0.00000         0.82823
        60.50000         0.00000         0.00000         0.79062
        61.00000         0.00000         0.00000         0.75100
        61.50000         0.00000         0.00000         0.72230
        62.00000         0.00000         0.00000         0.68551
        62.50000         0.00000         0.00000         0.65434
        63.00000         0.00000         0.00000         0.62415
        63.50000         0.00000         0.00000         0.59170
        64.00000         0.00000         0.00000         0.56763
        64.50000         0.00000         0.00000         0.53771
        65.00000         0.00000         0.00000         0.50804
        65.50000         0.00000         0.00000         0.47601
        66.00000         0.00000         0.00000         0.45355
        66.50000         0.00000         0.00000         0.42818
        67.00000         0.00000         0.00000         0.40554
        67.50000         0.00000         0.00000         0.38026
        68.00000         0.00000         0.00000         0.35741
        68.50000         0.00000         0.00000         0.33813
        69.00000         0.00000         0.00000         0.31616
        69.50000         0.00000         0.00000         0.29542
        70.00000         0.00000         0.00000         0.27336
        70.50000         0.00000         0.00000         0.25613
        71.00000         0.00000         0.00000         0.23985
        71.50000         0.00000         0.00000         0.22203
        72.00000         0.00000         0.00000         0.20629
        72.50000         0.00000         0.00000         0.19089
        73.00000         0.00000         0.00000         0.17725
        73.50000         0.00000         0.00000         0.16185
        74.00000         0.00000         0.00000         0.14783
        74.50000         0.00000         0.00000         0.13712
        75.00000         0.00000         0.00000         0.12401
        75.50000         0.00000         0.00000         0.11452
        76.00000         0.00000         0.00000         0.10541
        76.50000         0.00000         0.00000         0.09483
        77.00000         0.00000         0.00000         0.08475
        77.50000         0.00000         0.00000         0.07764
        78.00000         0.00000         0.00000         0.06951
        78.50000         0.00000         0.00000         0.06217
        79.00000         0.00000         0.00000         0.05509
        79.50000         0.00000         0.00000         0.04974
        80.00000         0.00000         0.00000         0.04446
        80.50000         0.00000         0.00000         0.03911
        81.00000         0.00000         0.00000         0.03486
        81.50000         0.00000         0.00000         0.03041
        82.00000         0.00000         0.00000         0.02672
        82.50000         0.00000         0.00000         0.02366
        83.00000         0.00000         0.00000         0.02016
        83.50000         0.00000         0.00000         0.01739
        84.00000         0.00000         0.00000         0.01571
        84.50000         0.00000         0.00000         0.01319
        85.00000         0.00000         0.00000         0.01148
        85.50000         0.00000         0.00000         0.00980
        86.00000         0.00000         0.00000         0.00816
        86.50000         0.00000         0.00000         0.00692
        87.00000         0.00000         0.00000         0.00597
        87.50000         0.00000         0.00000         0.00536
        88.00000         0.00000         0.00000         0.00424
        88.50000         0.00000         0.00000         0.00410
        89.00000         0.00000         0.00000         0.00333
        89.50000         0.00000         0.00000         0.00300
        90.00000         0.00000         0.00000         0.00267
        90.50000         0.00000         0.00000         0.00242
        91.00000         0.00000         0.00000         0.00232
        91.50000         0.00000         0.00000         0.00224
        92.00000         0.00000         0.00000         0.00218
        92.50000         0.00000         0.00000         0.00236
        93.00000         0.00000         0.00000         0.00245
        93.50000         0.00000         0.00000         0.00266
        94.00000         0.00000         0.00000         0.00290
        94.50000         0.00000         0.00000         0.00323
        95.00000         0.00000         0.00000         0.00382
        95.50000         0.00000         0.00000         0.00393
        96.00000         0.00000         0.00000         0.00469
        96.50000         0.00000         0.00000         0.00490
        97.00000         0.00000         0.00000         0.00560
        97.50000         0.00000         0.00000         0.00642
        98.00000         0.00000         0.00000         0.00722
        98.50000         0.00000         0.00000         0.00793
        99.00000         0.00000         0.00000         0.00896
        99.50000         0.00000         0.00000         0.00972
       100.00000         0.00000         0.00000         0.01080
       100.50000         0.00000         0.00000         0.01197
       101.00000         0.00000         0.00000         0.01284
       101.50000         0.00000         0.00000         0.01440
       102.00000         0.00000         0.00000         0.01582
       102.50000         0.00000         0.00000         0.01750
       103.00000         0.00000         0.00000         0.01916
       103.50000         0.00000         0.00000         0.02039
       104.00000         0.00000         0.00000         0.02253
       104.50000         0.00000         0.00000         0.02372
       105.00000         0.00000         0.00000         0.02612
       105.50000         0.00000         0.00000         0.02851
       106.00000         0.00000         0.00000         0.03069
       106.50000         0.00000         0.00000         0.03296
       107.00000         0.00000         0.00000         0.03615
       107.50000         0.00000         0.00000         0.03817
       108.00000         0.00000         0.00000         0.04122
       108.50000         0.00000         0.00000         0.04402
       109.00000         0.00000         0.00000         0.04658
       109.50000         0.00000         0.00000         0.04999
       110.00000         0.00000         0.00000         0.05332
       110.50000         0.00000         0.00000         0.05756
       111.00000         0.00000         0.00000         0.06107
       111.50000         0.00000         0.00000         0.06514
       112.00000         0.00000         0.00000         0.06884
       112.50000         0.00000         0.00000         0.07215
       113.00000         0.00000         0.00000         0.07766
       113.50000         0.00000         0.00000         0.08107
       114.00000         0.00000         0.00000         0.08606
       114.50000         0.00000         0.00000         0.09184
       115.00000         0.00000         0.00000         0.09607
       115.50000         0.00000         0.00000         0.10100
       116.00000         0.00000         0.00000         0.10689
       116.50000         0.00000         0.00000         0.11090
       117.00000         0.00000         0.00000         0.11746
       117.50000         0.00000         0.00000         0.12428
       118.00000         0.00000         0.00000         0.12867
       118.50000         0.00000         0.00000         0.13642
       119.00000         0.00000         0.00000         0.14188
       119.50000         0.00000         0.00000         0.14965
       120.00000         0.00000         0.00000         0.15541
       120.50000         0.00000         0.00000         0.16064
       121.00000         0.00000         0.00000         0.17020
       121.50000         0.00000         0.00000         0.17627
       122.00000         0.00000         0.00000         0.18498
       122.50000         0.00000         0.00000         0.19266
       123.00000         0.00000         0.00000         0.19953
       123.50000         0.00000         0.00000         0.20762
       124.00000         0.00000         0.00000         0.21563
       124.50000         0.00000         0.00000         0.22331
       125.00000         0.00000         0.00000         0.23244
       125.50000         0.00000         0.00000         0.24176
       126.00000         0.00000         0.00000         0.25031
       126.50000         0.00000         0.00000         0.26041
       127.00000         0.00000         0.00000         0.26959
       127.50000         0.00000         0.00000         0.27773
       128.00000         0.00000         0.00000         0.28656
       128.50000         0.00000         0.00000         0.29741
       129.00000         0.00000         0.00000         0.30908
       129.50000         0.00000         0.00000         0.31725
       130.00000         0.00000         0.00000         0.32693
       130.50000         0.00000         0.00000         0.33857
       131.00000         0.00000         0.00000         0.35092
       131.50000         0.00000         0.20983         0.35966
       132.00000         0.00000         0.00000         0.37195
       132.50000         0.00000         0.00000         0.38270
       133.00000         0.00000         0.00000         0.39345
       133.50000         0.00000         0.00000         0.40372
       134.00000         0.00000         0.00000         0.41587
       134.50000         0.00000         0.41030         0.42738
       135.00000         0.00000         0.00000         0.44068
       135.50000         0.00000         0.00000         0.45446
       136.00000         0.00000         0.20289         0.46571
       136.50000         0.00000         0.00000         0.47798
       137.00000         0.00000         0.00000         0.48739
       137.50000         0.00000         0.00000         0.50288
       138.00000         0.00000         0.19995         0.51444
       138.50000         0.00000         0.00000         0.52796
       139.00000         0.00000         0.19851         0.54152
       139.50000         0.00000         0.00000         0.55445
       140.00000         0.00000         0.00000         0.56812
       140.50000         0.00000         0.00000         0.58013
       141.00000         0.00000         0.00000         0.59359
       141.50000         0.00000         0.00000         0.60942
       142.00000         0.00000         0.00000         0.62178
       142.50000         0.00000         0.19363         0.63638
       143.00000         0.00000         0.00000         0.64975
       143.50000         0.00000         0.19228         0.66333
       144.00000         0.00000         0.19162         0.67829
       144.50000         0.00000         0.00000         0.69241
       145.00000         0.00000         0.19029         0.70589
       145.50000         0.00000         0.94820         0.71984
       146.00000         0.00000         0.56697         0.73704
       146.50000         0.00000         0.18835         0.74823
       147.00000         0.00000         0.18770         0.76326
       147.50000         0.00000         0.00000         0.77934
       148.00000         0.00000         0.18644         0.79399
       148.50000         0.00000         0.00000         0.81043
       149.00000         0.00000         0.37037         0.82125
       149.50000         0.00000         0.00000         0.83714
       150.00000         0.00000         0.00000         0.85170
       150.50000         0.00000         0.55002         0.86668
       151.00000         0.00000         0.18273         0.88368
       151.50000         0.00000         0.72852         0.89754
       152.00000         0.00000         0.36306         0.91042
       152.50000         0.00000         0.18094         0.92737
       153.00000         0.00000         0.36069         0.94000
       153.50000         0.00000         0.35951         0.95654
       154.00000         0.00000         0.17917         0.97101
       154.50000         0.00000         0.17859         0.98870
       155.00000         0.00000         0.71207         0.99873
       155.50000         0.00000         0.17744         1.01449
       156.00000         0.00000         0.35375         1.03098
       156.50000         0.00000         0.00000         1.03949
       157.00000         0.00000         0.52725         1.06037
       157.50000         0.00000         0.52557         1.07437
       158.00000         0.00000         0.34927         1.09055
       158.50000         0.00000         0.69634         1.10029
       159.00000         0.00000         0.34708         1.11845
       159.50000         0.00000         0.51898         1.13121
       160.00000         0.00000         0.00000         1.13851
       160.50000         0.00000         0.34383         1.16067
       161.00000         0.00000         0.51415         1.17341
       161.50000         0.00000         0.85426         1.18739
       162.00000         0.00000         0.34065         1.20331
       162.50000         0.00000         1.52821         1.21137
       163.00000         0.00000         1.01568         1.22503
       163.50000         0.00000         1.35010         1.23774
       164.00000         0.00000         1.51423         1.25328
       164.50000         0.00000         1.00642         1.26759
       165.00000         0.00000         1.83951         1.27926
       165.50000         0.00000         1.83395         1.29322
       166.00000         0.00000         1.66221         1.30216
       166.50000         0.00000         1.32577         1.31659
       167.00000         0.00000         1.48703         1.32741
       167.50000         0.00000         2.96518         1.33996
       168.00000         0.00000         1.64242         1.35049
       168.50000         0.00000         1.63754         1.36398
       169.00000         0.00000         2.44905         1.37537
       169.50000         0.00000         3.58134         1.38730
       170.00000         0.00000         2.11002         1.39675
       170.50000         0.00000         3.88401         1.40622
       171.00000         0.00000         2.09769         1.41635
       171.50000         0.00000         2.57424         1.42684
       172.00000         0.00000         3.04802         1.43608
       172.50000         0.00000         2.71927         1.44830
       173.00000         0.00000         2.39242         1.45868
       173.50000         0.00000         1.74939         1.46746
       174.00000         0.00000         3.48872         1.47355
       174.50000         0.00000         2.52998         1.48232
       175.00000         0.00000         2.20741         1.49076
       175.50000         0.00000         2.67279         1.50014
       176.00000         0.00000         3.91941         1.50742
       176.50000         0.00000         3.28298         1.51705
       177.00000         0.00000         3.74137         1.52242
       177.50000         0.00000         4.04174         1.53064
       178.00000         0.00000         4.03038         1.53540
       178.50000         0.00000         2.93703         1.54176
       179.00000         0.00000         3.69957         1.55052
       179.50000         0.00000         3.84298         1.55397
       180.00000         0.00000         1.99280         1.56046
       180.50000         0.00000         2.90449         1.56849
       181.00000         0.00000         3.35380         1.56977
       181.50000         0.00000         4.10469         1.57562
       182.00000         0.00000         2.42573         1.57698
       182.50000         0.00000         2.87266         1.58632
       183.00000         0.00000         3.61871         1.58942
       183.50000         0.00000         2.85700         1.59254
       184.00000         0.00000         2.39936         1.59325
       184.50000         0.00000         3.14062         1.59659
       185.00000         0.00000         3.57958         1.59965
       185.50000         0.00000         1.63622         1.60559
       186.00000         0.00000         1.92852         1.60545
       186.50000         0.00000         1.92335         1.60655
       187.00000         0.00000         2.50842         1.60908
       187.50000         0.00000         2.64889         1.60871
       188.00000         0.00000         2.20154         1.60893
       188.50000         0.00000         3.07398         1.61208
       189.00000         0.00000         1.89791         1.61356
       189.50000         0.00000         2.32972         1.61190
       190.00000         0.00000         3.34016         1.60956
       190.50000         0.00000         2.17265         1.61010
       191.00000         0.00000         1.58910         1.60957
       191.50000         0.00000         1.72904         1.60965
       192.00000         0.00000         3.01794         1.60805
       192.50000         0.00000         2.58009         1.60840
       193.00000         0.00000         2.00154         1.60464
       193.50000         0.00000         1.71117         1.60207
       194.00000         0.00000         1.70676         1.59800
       194.50000         0.00000         1.56051         1.59467
       195.00000         0.00000         1.83951         1.59387
       195.50000         0.00000         1.12911         1.59492
       196.00000         0.00000         2.11168         1.58933
       196.50000         0.00000         2.52757         1.58529
       197.00000         0.00000         2.66122         1.57951
       197.50000         0.00000         1.25739         1.57461
       198.00000         0.00000         1.95099         1.57042
       198.50000         0.00000         1.39006         1.56688
       199.00000         0.00000         2.63447         1.56356
       199.50000         0.00000         1.79802         1.56302
       200.00000         0.00000         0.55185         1.55297
       200.50000         0.00000         1.51381         1.54566
       201.00000         0.00000         3.43192         1.54102
       201.50000         0.00000         2.05404         1.53491
       202.00000         0.00000         1.91236         1.52901
       202.50000         0.00000         1.90764         1.52368
       203.00000         0.00000         2.31071         1.51926
       203.50000         0.00000         1.89826         1.51291
       204.00000         0.00000         1.35258         1.50632
       204.50000         0.00000         1.88898         1.49751
       205.00000         0.00000         1.48058         1.48785
       205.50000         0.00000         2.01406         1.48020
       206.00000         0.00000         1.87523         1.47638
       206.50000         0.00000         1.60345         1.46892
       207.00000         0.00000         1.33298         1.46174
       207.50000         0.00000         1.86167         1.45176
       208.00000         0.00000         1.59188         1.44688
       208.50000         0.00000         2.38210         1.43420
       209.00000         0.00000         1.32022         1.42684
       209.50000         0.00000         1.58048         1.42220
       210.00000         0.00000         0.91975         1.41173
       210.50000         0.00000         2.22838         1.40064
       211.00000         0.00000         1.56925         1.39379
       211.50000         0.00000         1.17415         1.38451
       212.00000         0.00000         1.04123         1.37839
       212.50000         0.00000         1.68802         1.36696
       213.00000         0.00000         1.68406         1.35675
       213.50000         0.00000         1.29239         1.35114
       214.00000         0.00000         0.90256         1.33971
       214.50000         0.00000         0.90046         1.32696
       215.00000         0.00000         1.28338         1.32008
       215.50000         0.00000         1.02432         1.31033
       216.00000         0.00000         0.63872         1.30170
       216.50000         0.00000         1.40193         1.29052
       217.00000         0.00000         1.14439         1.28585
       217.50000         0.00000         1.26863         1.27405
       218.00000         0.00000         1.26572         1.25681
       218.50000         0.00000         1.26282         1.25308
       219.00000         0.00000         1.63792         1.24056
       219.50000         0.00000         0.37712         1.23399
       220.00000         0.00000         0.87795         1.22324
       220.50000         0.00000         0.75082         1.21379
       221.00000         0.00000         1.12368         1.20308
       221.50000         0.00000         1.61943         1.19244
       222.00000         0.00000         1.24291         1.18191
       222.50000         0.00000         1.11611         1.17028
       223.00000         0.00000         0.61867         1.16356
       223.50000         0.00000         0.61728         1.15364
       224.00000         0.00000         0.61591         1.14318
       224.50000         0.00000         1.22907         1.13375
       225.00000         0.00000         0.49054         1.12198
       225.50000         0.00000         0.48945         1.10991
       226.00000         0.00000         1.09882         1.10257
       226.50000         0.00000         0.36547         1.09337
       227.00000         0.00000         0.72932         1.08288
       227.50000         0.00000         0.72772         1.07511
       228.00000         0.00000         1.45224         1.06393
       228.50000         0.00000         0.84529         1.05200
       229.00000         0.00000         0.72295         1.04202
       229.50000         0.00000         1.32252         1.03550
       230.00000         0.00000         0.71981         1.02354
       230.50000         0.00000         0.47883         1.01580
       231.00000         0.00000         1.43338         1.00652
       231.50000         0.00000         1.07272         0.99602
       232.00000         0.00000         1.30827         0.98419
       232.50000         0.00000         0.59339         0.97736
       233.00000         0.00000         1.06581         0.96949
       233.50000         0.00000         1.18170         0.95760
       234.00000         0.00000         0.94334         0.95024
       234.50000         0.00000         0.58833         0.94325
       235.00000         0.00000         1.05674         0.93007
       235.50000         0.00000         0.82016         0.92188
       236.00000         0.00000         0.81843         0.91329
       236.50000         0.00000         0.58335         0.90771
       237.00000         0.00000         1.04782         0.89731
       237.50000         0.00000         0.92944         0.88793
       238.00000         0.00000         0.57968         0.88020
       238.50000         0.00000         0.34708         0.87106
       239.00000         0.00000         1.03905         0.86289
       239.50000         0.00000         1.15209         0.85624
       240.00000         0.00000         0.22994         0.84674
       240.50000         0.00000         1.14730         0.84130
       241.00000         0.00000         0.68695         0.83220
       241.50000         0.00000         0.34277         0.82292
       242.00000         0.00000         0.34206         0.81659
       242.50000         0.00000         0.79649         0.80971
       243.00000         0.00000         0.56775         0.79996
       243.50000         0.00000         0.67990         0.79445
       244.00000         0.00000         0.33925         0.78855
       244.50000         0.00000         1.01568         0.78090
       245.00000         0.00000         0.56311         0.77279
       245.50000         0.00000         0.44957         0.76732
       246.00000         0.00000         0.78516         0.76138
       246.50000         0.00000         0.67163         0.75283
       247.00000         0.00000         0.67027         0.74549
       247.50000         0.00000         0.44594         0.74176
       248.00000         0.00000         0.55630         0.73574
       248.50000         0.00000         0.55518         0.72879
       249.00000         0.00000         0.33244         0.72322
       249.50000         0.00000         0.44237         0.71781
       250.00000         0.00000         0.33111         0.71130
       250.50000         0.00000         0.55075         0.70561
       251.00000         0.00000         0.65958         0.69987
       251.50000         0.00000         0.32914         0.69567
       252.00000         0.00000         0.54747         0.69101
       252.50000         0.00000         0.43711         0.68464
       253.00000         0.00000         0.21812         0.68059
       253.50000         0.00000         0.43539         0.67515
       254.00000         0.00000         0.65179         0.67020
       254.50000         0.00000         0.75893         0.66646
       255.00000         0.00000         0.54103         0.66227
       255.50000         0.00000         0.32398         0.65775
       256.00000         0.00000         0.75449         0.65286
       256.50000         0.00000         0.75302         0.64915
       257.00000         0.00000         0.42946         0.64455
       257.50000         0.00000         0.64294         0.64214
       258.00000         0.00000         0.74864         0.63735
       258.50000         0.00000         0.42697         0.63452
       259.00000         0.00000         0.74575         0.63076
       259.50000         0.00000         0.42532         0.62706
       260.00000         0.00000         0.53063         0.62382
       260.50000         0.00000         0.63553         0.62094
       261.00000         0.00000         0.31716         0.61912
       261.50000         0.00000         0.63310         0.61602
       262.00000         0.00000         0.10532         0.61125
       262.50000         0.00000         1.36649         0.60951
       263.00000         0.00000         0.83932         0.60754
       263.50000         0.00000         0.41886         0.60528
       264.00000         0.00000         0.31355         0.60150
       264.50000         0.00000         0.20864         0.59984
       265.00000         0.00000         0.41649         0.60039
       265.50000         0.00000         1.35105         0.59652
       266.00000         0.00000         0.51866         0.59439
       266.50000         0.00000         0.10354         0.59284
       267.00000         0.00000         0.41337         0.59122
       267.50000         0.00000         0.41260         0.58848
       268.00000         0.00000         0.72070         0.58848
       268.50000         0.00000         0.61660         0.58812
       269.00000         0.00000         0.82060         0.58618
       269.50000         0.00000         0.71669         0.58386
       270.00000         0.00000         0.51097         0.58420
       270.50000         0.00000         0.30602         0.58146
       271.00000         0.00000         0.30545         0.58209
       271.50000         0.00000         0.50815         0.58118
       272.00000         0.00000         0.71010         0.58268
       272.50000         0.00000         0.60754         0.58113
       273.00000         0.00000         0.50536         0.57939
       273.50000         0.00000         0.40355         0.57945
       274.00000         0.00000         0.20141         0.57844
       274.50000         0.00000         0.60312         0.57957
       275.00000         0.00000         0.80269         0.57968
       275.50000         0.00000         0.20031         0.58017
       276.00000         0.00000         0.49987         0.58077
       276.50000         0.00000         0.29938         0.58109
       277.00000         0.00000         0.59767         0.58058
       277.50000         0.00000         0.79546         0.58066
       278.00000         0.00000         0.59552         0.58123
       278.50000         0.00000         0.49538         0.58299
       279.00000         0.00000         0.19780         0.58420
       279.50000         0.00000         0.69105         0.58547
       280.00000         0.00000         0.39418         0.58539
       280.50000         0.00000         0.49185         0.58591
       281.00000         0.00000         0.58917         0.58813
       281.50000         0.00000         0.58812         0.58879
       282.00000         0.00000         0.48923         0.59112
       282.50000         0.00000         0.48837         0.59057
       283.00000         0.00000         0.00000         0.59429
       283.50000         0.00000         0.29199         0.59592
       284.00000         0.00000         0.58294         0.59670
       284.50000         0.00000         0.87288         0.59898
       285.00000         0.00000         0.58090         0.60059
       285.50000         0.00000         0.28994         0.60303
       286.00000         0.00000         0.38591         0.60283
       286.50000         0.00000         0.09631         0.60772
       287.00000         0.00000         0.48071         0.60980
       287.50000         0.00000         0.67182         0.61161
       288.00000         0.00000         0.57485         0.61376
       288.50000         0.00000         0.47821         0.61579
       289.00000         0.00000         0.28643         0.61934
       289.50000         0.00000         0.28593         0.62045
       290.00000         0.00000         0.28544         0.62482
       290.50000         0.00000         0.66488         0.62632
       291.00000         0.00000         0.66374         0.63051
       291.50000         0.00000         0.75726         0.63373
       292.00000         0.00000         0.66147         0.63586
       292.50000         0.00000         0.37734         0.63747
       293.00000         0.00000         0.84756         0.64164
       293.50000         0.00000         0.94012         0.64535
       294.00000         0.00000         1.22008         0.64827
       294.50000         0.00000         0.56216         0.65220
       295.00000         0.00000         0.74827         0.65617
       295.50000         0.00000         0.56026         0.65768
       296.00000         0.00000         0.65253         0.66135
       296.50000         0.00000         0.46531         0.66505
       297.00000         0.00000         1.02195         0.66881
       297.50000         0.00000         0.37099         0.67371
       298.00000         0.00000         0.37037         0.67749
       298.50000         0.00000         0.46219         0.68086
       299.00000         0.00000         1.10740         0.68422
       299.50000         0.00000         0.82916         0.68870
