# Time-averaged data for fix rdf
# TimeStep Number-of-rows
# Row c_rdf[1] c_rdf[2] c_rdf[3]
2298000 600
1 0.16625 0 0
2 0.49875 0 0
3 0.83125 0 0
4 1.16375 0 0
5 1.49625 0 0
6 1.82875 0 0
7 2.16125 0 0
8 2.49375 0 0
9 2.82625 0.000473689 2.2375e-05
10 3.15875 1.01484 0.0535984
11 3.49125 11.718 0.737339
12 3.82375 19.5325 1.9856
13 4.15625 15.284 3.04729
14 4.48875 9.74101 3.77807
15 4.82125 6.29318 4.28517
16 5.15375 4.43887 4.66751
17 5.48625 3.57071 4.99492
18 5.81875 3.54962 5.34012
19 6.15125 4.54492 5.80737
20 6.48375 6.22327 6.48175
21 6.81625 7.70815 7.35987
22 7.14875 9.04551 8.44061
23 7.48125 9.81794 9.6682
24 7.81375 9.25753 10.8772
25 8.14625 7.81156 11.9407
26 8.47875 6.33457 12.8384
27 8.81125 5.29073 13.6175
28 9.14375 4.86998 14.3617
29 9.47625 5.2699 15.1964
30 9.80875 6.35393 16.238
31 10.1413 7.35145 17.484
32 10.4738 7.71578 18.8347
33 10.8062 7.66759 20.2195
34 11.1387 7.49727 21.6152
35 11.4713 7.14534 22.9851
36 11.8038 6.56385 24.28
37 12.1363 5.9325 25.4833
38 12.4688 5.54089 26.638
39 12.8012 5.58088 27.832
40 13.1337 6.04867 29.1598
41 13.4662 6.6585 30.6583
42 13.7987 7.01986 32.2773
43 14.1312 6.98449 33.9269
44 14.4637 6.70578 35.5479
45 14.7963 6.39613 37.1296
46 15.1288 6.11152 38.6749
47 15.4613 5.8433 40.1848
48 15.7938 5.66118 41.6792
49 16.1263 5.65178 43.2024
50 16.4588 5.82888 44.8058
51 16.7912 6.08855 46.5145
52 17.1237 6.29622 48.3164
53 17.4562 6.34821 50.1685
54 17.7887 6.20233 52.0125
55 18.1212 5.94343 53.8126
56 18.4537 5.67512 55.5629
57 18.7863 5.48487 57.285
58 19.1188 5.40747 59.0129
59 19.4513 5.43989 60.7813
60 19.7838 5.54448 62.6146
61 20.1163 5.65677 64.5165
62 20.4488 5.72403 66.4727
63 20.7812 5.72141 68.4599
64 21.1137 5.65023 70.4537
65 21.4462 5.49712 72.4241
66 21.7787 5.30466 74.3549
67 22.1112 5.13041 76.2509
68 22.4437 5.04784 78.1444
69 22.7762 5.06286 80.0716
70 23.1088 5.13529 82.055
71 23.4413 5.21166 84.0968
72 23.7737 5.23061 86.1751
73 24.1062 5.19595 88.2685
74 24.4387 5.11197 90.3565
75 24.7712 5.00389 92.4281
76 25.1038 4.87999 94.4756
77 25.4363 4.75852 96.4985
78 25.7688 4.67889 98.5136
79 26.1013 4.65591 100.545
80 26.4338 4.68462 102.614
81 26.7662 4.72188 104.727
82 27.0988 4.73701 106.872
83 27.4313 4.70128 109.027
84 27.7638 4.62576 111.174
85 28.0963 4.52537 113.299
86 28.4288 4.42637 115.402
87 28.7613 4.33601 117.486
88 29.0938 4.27584 119.565
89 29.4262 4.24482 121.653
90 29.7587 4.23802 123.761
91 30.0912 4.2408 125.894
92 30.4237 4.23671 128.048
93 30.7562 4.20689 130.21
94 31.0887 4.14978 132.367
95 31.4212 4.06762 134.503
96 31.7537 3.98087 136.615
97 32.0862 3.90362 138.709
98 32.4187 3.84611 140.793
99 32.7512 3.81319 142.88
100 33.0837 3.79347 144.977
101 33.4163 3.78007 147.089
102 33.7488 3.75789 149.208
103 34.0813 3.72461 151.33
104 34.4138 3.67615 153.444
105 34.7463 3.61113 155.541
106 35.0788 3.5424 157.618
107 35.4113 3.47596 159.675
108 35.7438 3.41813 161.717
109 36.0763 3.37915 163.755
110 36.4088 3.3504 165.793
111 36.7413 3.32797 167.837
112 37.0738 3.30068 169.882
113 37.4062 3.26616 171.924
114 37.7387 3.22027 173.955
115 38.0712 3.16559 175.969
116 38.4037 3.10791 177.964
117 38.7362 3.0504 179.939
118 39.0687 2.99946 181.898
119 39.4012 2.95638 183.844
120 39.7337 2.92067 185.784
121 40.0662 2.89288 187.721
122 40.3987 2.86126 189.653
123 40.7312 2.82836 191.578
124 41.0637 2.78506 193.49
125 41.3962 2.73747 195.384
126 41.7288 2.68732 197.258
127 42.0613 2.63758 199.112
128 42.3938 2.59071 200.948
129 42.7263 2.54965 202.768
130 43.0588 2.51135 204.576
131 43.3913 2.47782 206.373
132 43.7238 2.44584 208.16
133 44.0563 2.41162 209.936
134 44.3888 2.37275 211.696
135 44.7213 2.33209 213.439
136 45.0538 2.28767 215.162
137 45.3862 2.24313 216.863
138 45.7188 2.20098 218.545
139 46.0513 2.16163 220.209
140 46.3837 2.12293 221.854
141 46.7163 2.08946 223.486
142 47.0487 2.05626 225.103
143 47.3812 2.02327 226.705
144 47.7137 1.98778 228.29
145 48.0463 1.94954 229.856
146 48.3787 1.91276 231.402
147 48.7112 1.87259 232.927
148 49.0437 1.83455 234.43
149 49.3762 1.79723 235.914
150 49.7087 1.76195 237.377
151 50.0413 1.72884 238.823
152 50.3738 1.69657 240.252
153 50.7063 1.66488 241.663
154 51.0388 1.63162 243.054
155 51.3713 1.59849 244.427
156 51.7037 1.56488 245.779
157 52.0363 1.53005 247.11
158 52.3687 1.49527 248.418
159 52.7013 1.46232 249.707
160 53.0337 1.43043 250.974
161 53.3663 1.39867 252.222
162 53.6987 1.36951 253.451
163 54.0312 1.33803 254.659
164 54.3638 1.30937 255.849
165 54.6962 1.27867 257.018
166 55.0288 1.24954 258.167
167 55.3612 1.21889 259.295
168 55.6938 1.18902 260.402
169 56.0262 1.15916 261.487
170 56.3588 1.13039 262.552
171 56.6912 1.10275 263.597
172 57.0238 1.07498 264.621
173 57.3562 1.04777 265.626
174 57.6888 1.02152 266.61
175 58.0212 0.994878 267.575
176 58.3538 0.968631 268.52
177 58.6862 0.943406 269.445
178 59.0188 0.916275 270.349
179 59.3512 0.891093 271.233
180 59.6838 0.865878 272.097
181 60.0162 0.841462 272.941
182 60.3488 0.8177 273.765
183 60.6812 0.793721 274.57
184 61.0138 0.771196 275.357
185 61.3462 0.748077 276.124
186 61.6788 0.725812 276.872
187 62.0112 0.703114 277.601
188 62.3438 0.681771 278.311
189 62.6763 0.659626 279.002
190 63.0087 0.638294 279.674
191 63.3413 0.618307 280.329
192 63.6737 0.597848 280.965
193 64.0063 0.578127 281.583
194 64.3387 0.558546 282.184
195 64.6713 0.53939 282.767
196 65.0037 0.520656 283.333
197 65.3363 0.502596 283.882
198 65.6687 0.484382 284.413
199 66.0013 0.467262 284.929
200 66.3337 0.449253 285.427
201 66.6663 0.432872 285.909
202 66.9987 0.416238 286.375
203 67.3313 0.400601 286.826
204 67.6637 0.384875 287.261
205 67.9963 0.369339 287.681
206 68.3287 0.354718 288.086
207 68.6613 0.340267 288.476
208 68.9937 0.325923 288.852
209 69.3263 0.312231 289.214
210 69.6587 0.299024 289.562
211 69.9913 0.286008 289.897
212 70.3237 0.273013 290.218
213 70.6562 0.26089 290.526
214 70.9888 0.248745 290.821
215 71.3212 0.237332 291.104
216 71.6538 0.226376 291.375
217 71.9862 0.215155 291.634
218 72.3188 0.204756 291.881
219 72.6512 0.194697 292.118
220 72.9838 0.184667 292.343
221 73.3162 0.175509 292.558
222 73.6488 0.166112 292.762
223 73.9812 0.157214 292.957
224 74.3138 0.148834 293.142
225 74.6462 0.140823 293.317
226 74.9788 0.132775 293.484
227 75.3112 0.125286 293.641
228 75.6438 0.117755 293.79
229 75.9762 0.111141 293.931
230 76.3088 0.104334 294.064
231 76.6412 0.0979709 294.19
232 76.9738 0.0919922 294.308
233 77.3062 0.0861641 294.42
234 77.6388 0.0807476 294.524
235 77.9712 0.0754339 294.623
236 78.3038 0.0704278 294.715
237 78.6362 0.0657245 294.801
238 78.9688 0.0611961 294.882
239 79.3013 0.0568015 294.957
240 79.6337 0.0527817 295.027
241 79.9663 0.0490125 295.093
242 80.2987 0.0454207 295.154
243 80.6313 0.0420079 295.211
244 80.9637 0.0388974 295.263
245 81.2963 0.0357232 295.312
246 81.6287 0.0330861 295.357
247 81.9613 0.0303857 295.398
248 82.2937 0.027864 295.437
249 82.6263 0.0255207 295.472
250 82.9587 0.0234111 295.505
251 83.2913 0.0214405 295.534
252 83.6237 0.019607 295.562
253 83.9563 0.0178477 295.587
254 84.2887 0.0163161 295.61
255 84.6213 0.0148141 295.631
256 84.9537 0.0134956 295.65
257 85.2863 0.0122492 295.667
258 85.6187 0.0111401 295.683
259 85.9513 0.0100403 295.698
260 86.2837 0.00907876 295.711
261 86.6162 0.00826453 295.723
262 86.9487 0.00745644 295.734
263 87.2812 0.0067193 295.743
264 87.6138 0.00612595 295.752
265 87.9463 0.00554517 295.761
266 88.2788 0.00505399 295.768
267 88.6112 0.00457942 295.775
268 88.9438 0.00423334 295.781
269 89.2762 0.00385533 295.787
270 89.6088 0.00356534 295.792
271 89.9412 0.00337662 295.797
272 90.2738 0.00313999 295.802
273 90.6062 0.00296644 295.806
274 90.9388 0.00286594 295.811
275 91.2712 0.00277094 295.815
276 91.6038 0.00274994 295.819
277 91.9363 0.00271062 295.823
278 92.2688 0.00274139 295.828
279 92.6012 0.00276482 295.832
280 92.9338 0.00289262 295.836
281 93.2662 0.00297798 295.841
282 93.5987 0.00313944 295.846
283 93.9312 0.00330708 295.851
284 94.2638 0.00351591 295.857
285 94.5962 0.00373347 295.863
286 94.9287 0.00399063 295.869
287 95.2612 0.00430276 295.876
288 95.5938 0.0046002 295.883
289 95.9263 0.00497511 295.891
290 96.2588 0.00532326 295.9
291 96.5913 0.00574544 295.909
292 96.9237 0.0062158 295.919
293 97.2563 0.00666157 295.93
294 97.5888 0.00716033 295.942
295 97.9213 0.00765608 295.954
296 98.2537 0.00827278 295.968
297 98.5863 0.00892113 295.982
298 98.9188 0.0095091 295.998
299 99.2512 0.0102121 296.015
300 99.5837 0.0109245 296.033
301 99.9163 0.011639 296.053
302 100.249 0.0124465 296.073
303 100.581 0.0132825 296.096
304 100.914 0.0141983 296.12
305 101.246 0.0151261 296.145
306 101.579 0.0160471 296.173
307 101.911 0.017037 296.202
308 102.244 0.0180822 296.233
309 102.576 0.0192462 296.266
310 102.909 0.0204774 296.301
311 103.241 0.0215191 296.338
312 103.574 0.0227684 296.377
313 103.906 0.02416 296.419
314 104.239 0.0254002 296.463
315 104.571 0.02687 296.51
316 104.904 0.0283641 296.56
317 105.236 0.029861 296.613
318 105.569 0.0314474 296.668
319 105.901 0.0331654 296.727
320 106.234 0.0347718 296.789
321 106.566 0.0365353 296.854
322 106.899 0.0382968 296.922
323 107.231 0.0401977 296.994
324 107.564 0.0420739 297.07
325 107.896 0.0441107 297.149
326 108.229 0.0461589 297.233
327 108.561 0.0483136 297.32
328 108.894 0.0504801 297.412
329 109.226 0.0528578 297.509
330 109.559 0.0551407 297.61
331 109.891 0.0574137 297.715
332 110.224 0.0599967 297.826
333 110.556 0.0625914 297.941
334 110.889 0.0651538 298.062
335 111.221 0.0678439 298.188
336 111.554 0.0705566 298.32
337 111.886 0.0733042 298.457
338 112.219 0.0762946 298.6
339 112.551 0.0792302 298.749
340 112.884 0.0822558 298.904
341 113.216 0.0855776 299.066
342 113.549 0.0885661 299.234
343 113.881 0.0919901 299.409
344 114.214 0.0953733 299.591
345 114.546 0.0989405 299.781
346 114.879 0.102248 299.977
347 115.211 0.105904 300.181
348 115.544 0.109728 300.393
349 115.876 0.11327 300.612
350 116.209 0.117186 300.84
351 116.541 0.121083 301.076
352 116.874 0.125086 301.32
353 117.206 0.129088 301.573
354 117.539 0.133417 301.835
355 117.871 0.137748 302.106
356 118.204 0.141884 302.387
357 118.536 0.146449 302.677
358 118.869 0.150909 302.977
359 119.201 0.155575 303.287
360 119.534 0.160291 303.607
361 119.866 0.165045 303.937
362 120.199 0.169865 304.279
363 120.531 0.174847 304.631
364 120.864 0.179638 304.994
365 121.196 0.184946 305.368
366 121.529 0.190054 305.754
367 121.861 0.195267 306.152
368 122.194 0.200561 306.562
369 122.526 0.2063 306.984
370 122.859 0.211581 307.419
371 123.191 0.217334 307.866
372 123.524 0.223128 308.327
373 123.856 0.228905 308.801
374 124.189 0.234694 309.288
375 124.521 0.240844 309.789
376 124.854 0.246677 310.304
377 125.186 0.252878 310.833
378 125.519 0.259015 311.376
379 125.851 0.265229 311.934
380 126.184 0.271659 312.507
381 126.516 0.278058 313.095
382 126.849 0.284701 313.698
383 127.181 0.291603 314.318
384 127.514 0.298176 314.954
385 127.846 0.305225 315.606
386 128.179 0.311814 316.274
387 128.511 0.318842 316.959
388 128.844 0.325811 317.66
389 129.176 0.332871 318.379
390 129.509 0.340072 319.115
391 129.841 0.347369 319.869
392 130.174 0.354841 320.641
393 130.506 0.362173 321.431
394 130.839 0.369867 322.24
395 131.171 0.377541 323.067
396 131.504 0.385092 323.914
397 131.836 0.392776 324.779
398 132.169 0.400739 325.664
399 132.501 0.408695 326.569
400 132.834 0.416719 327.495
401 133.166 0.424557 328.439
402 133.499 0.432855 329.405
403 133.831 0.440761 330.391
404 134.164 0.449055 331.398
405 134.496 0.457631 332.427
406 134.829 0.465912 333.477
407 135.161 0.474432 334.548
408 135.494 0.483179 335.643
409 135.826 0.491447 336.758
410 136.159 0.50021 337.896
411 136.491 0.509142 339.058
412 136.824 0.518157 340.243
413 137.156 0.526466 341.45
414 137.489 0.535811 342.681
415 137.821 0.544531 343.935
416 138.154 0.55384 345.214
417 138.486 0.562587 346.516
418 138.819 0.572079 347.843
419 139.151 0.581093 349.195
420 139.484 0.59056 350.572
421 139.816 0.599889 351.973
422 140.149 0.609294 353.4
423 140.481 0.618662 354.853
424 140.814 0.628313 356.332
425 141.146 0.637731 357.836
426 141.479 0.647097 359.366
427 141.811 0.656924 360.923
428 142.144 0.666652 362.507
429 142.476 0.675957 364.117
430 142.809 0.686238 365.755
431 143.141 0.695979 367.42
432 143.474 0.705876 369.112
433 143.806 0.715663 370.832
434 144.139 0.725457 372.58
435 144.471 0.735505 374.356
436 144.804 0.745655 376.16
437 145.136 0.755627 377.993
438 145.469 0.765636 379.855
439 145.801 0.775806 381.745
440 146.134 0.785603 383.664
441 146.466 0.796479 385.614
442 146.799 0.806038 387.591
443 147.131 0.816569 389.599
444 147.464 0.826578 391.636
445 147.796 0.837038 393.704
446 148.129 0.846873 395.801
447 148.461 0.857256 397.928
448 148.794 0.867852 400.086
449 149.126 0.877758 402.274
450 149.459 0.888212 404.492
451 149.791 0.898787 406.742
452 150.124 0.909023 409.023
453 150.456 0.919204 411.335
454 150.789 0.929732 413.678
455 151.121 0.940532 416.053
456 151.454 0.95044 418.459
457 151.786 0.960553 420.896
458 152.119 0.97112 423.365
459 152.451 0.981377 425.865
460 152.784 0.99172 428.398
461 153.116 1.00212 430.962
462 153.449 1.01252 433.559
463 153.781 1.02282 436.188
464 154.114 1.03298 438.848
465 154.446 1.04377 441.543
466 154.779 1.05399 444.269
467 155.111 1.06387 447.027
468 155.444 1.07413 449.818
469 155.776 1.08457 452.641
470 156.109 1.09414 455.496
471 156.441 1.1051 458.385
472 156.774 1.11492 461.307
473 157.106 1.12491 464.26
474 157.439 1.13533 467.248
475 157.771 1.14519 470.267
476 158.104 1.15534 473.32
477 158.436 1.16501 476.405
478 158.769 1.1752 479.524
479 159.101 1.18482 482.674
480 159.434 1.19479 485.858
481 159.766 1.20459 489.074
482 160.099 1.21445 492.324
483 160.431 1.22445 495.607
484 160.764 1.23363 498.922
485 161.096 1.24321 502.269
486 161.429 1.25295 505.649
487 161.761 1.26251 509.063
488 162.094 1.27179 512.508
489 162.426 1.28104 515.986
490 162.759 1.29005 519.495
491 163.091 1.29956 523.037
492 163.424 1.30896 526.612
493 163.756 1.31818 530.22
494 164.089 1.3273 533.86
495 164.421 1.3361 537.532
496 164.754 1.34469 541.234
497 165.086 1.35371 544.969
498 165.419 1.36218 548.735
499 165.751 1.37111 552.534
500 166.084 1.37917 556.362
501 166.416 1.38752 560.221
502 166.749 1.39621 564.112
503 167.081 1.4049 568.035
504 167.414 1.41301 571.989
505 167.746 1.4207 575.972
506 168.079 1.42901 579.986
507 168.411 1.43692 584.031
508 168.744 1.44453 588.105
509 169.076 1.45282 592.21
510 169.409 1.45979 596.343
511 169.741 1.46705 600.505
512 170.074 1.47503 604.698
513 170.406 1.4818 608.918
514 170.739 1.48935 613.168
515 171.071 1.4969 617.448
516 171.404 1.50347 621.755
517 171.736 1.51061 626.091
518 172.069 1.51711 630.454
519 172.401 1.52352 634.844
520 172.734 1.52958 639.259
521 173.066 1.53645 643.704
522 173.399 1.54283 648.175
523 173.731 1.54939 652.674
524 174.064 1.55498 657.197
525 174.396 1.56076 661.746
526 174.729 1.56663 666.321
527 175.061 1.57312 670.924
528 175.394 1.57838 675.551
529 175.726 1.5831 680.2
530 176.059 1.58778 684.872
531 176.391 1.59346 689.57
532 176.724 1.59909 694.293
533 177.056 1.60336 699.038
534 177.389 1.6088 703.807
535 177.721 1.6134 708.6
536 178.054 1.6176 713.413
537 178.386 1.62199 718.249
538 178.719 1.62687 723.109
539 179.051 1.62993 727.986
540 179.384 1.63415 732.885
541 179.716 1.63774 737.805
542 180.049 1.64185 742.745
543 180.381 1.64491 747.704
544 180.714 1.64877 752.684
545 181.046 1.65208 757.683
546 181.379 1.65578 762.702
547 181.711 1.65846 767.739
548 182.044 1.66143 772.794
549 182.376 1.66395 777.866
550 182.709 1.66608 782.953
551 183.041 1.66845 788.058
552 183.374 1.6709 793.178
553 183.706 1.6731 798.315
554 184.039 1.67608 803.471
555 184.371 1.6772 808.639
556 184.704 1.67934 813.823
557 185.036 1.68153 819.023
558 185.369 1.68278 824.237
559 185.701 1.68367 829.462
560 186.034 1.68457 834.7
561 186.366 1.68588 839.951
562 186.699 1.68711 845.215
563 187.031 1.68772 850.491
564 187.364 1.68825 855.778
565 187.696 1.6895 861.078
566 188.029 1.69016 866.389
567 188.361 1.69021 871.71
568 188.694 1.69021 877.04
569 189.026 1.69062 882.381
570 189.359 1.69011 887.73
571 189.691 1.68938 893.086
572 190.024 1.68938 898.451
573 190.356 1.68879 903.824
574 190.689 1.68871 909.206
575 191.021 1.68787 914.595
576 191.354 1.68699 919.99
577 191.686 1.68652 925.393
578 192.019 1.68568 930.803
579 192.351 1.6839 936.216
580 192.684 1.68253 941.635
581 193.016 1.68108 947.058
582 193.349 1.67885 952.483
583 193.681 1.67724 957.912
584 194.014 1.67568 963.346
585 194.346 1.67424 968.784
586 194.679 1.67235 974.225
587 195.011 1.67066 979.67
588 195.344 1.66748 985.114
589 195.676 1.66554 990.561
590 196.009 1.66314 996.009
591 196.341 1.65995 1001.46
592 196.674 1.65745 1006.9
593 197.006 1.65454 1012.35
594 197.339 1.65137 1017.8
595 197.671 1.64844 1023.24
596 198.004 1.64621 1028.69
597 198.336 1.64314 1034.14
598 198.669 1.63943 1039.58
599 199.001 1.63535 1045.02
600 199.334 1.63273 1050.46
