#      r        rho_psi 5(r)   rho_psi 6(r)   rho_psi10(r)   rho_psi20(r)
   0.00000     0.01472     0.03681     0.01732     0.02207
   0.52298     0.05114     0.14914     0.05747     0.08820
   1.04595     0.08091     0.21690     0.08801     0.11896
   1.56893     0.00526     0.00937     0.00601     0.00670
   2.09191     0.00501     0.00631     0.00488     0.00625
   2.61489     0.00491     0.01023     0.00521     0.00711
   3.13786     0.00459     0.00490     0.00439     0.00455
   3.66084     0.00480     0.00535     0.00478     0.00500
   4.18382     0.00325     0.00446     0.00318     0.00350
   4.70680     0.00345     0.00540     0.00357     0.00454
   5.22977     0.00217     0.00400     0.00225     0.00234
   5.75275     0.00084     0.00105     0.00039     0.00076
   6.27573     0.00115     0.00329     0.00133     0.00197
   6.79871     0.00090     0.00260     0.00084     0.00121
   7.32168     0.00126     0.00239     0.00094     0.00151
   7.84466     0.00066     0.00112     0.00054     0.00061
   8.36764     0.00096     0.00164     0.00096     0.00110
   8.89062     0.00138     0.00233     0.00113     0.00117
   9.41359     0.00078     0.00134     0.00042     0.00103
   9.93657     0.00121     0.00260     0.00091     0.00100
  10.45955     0.00082     0.00132     0.00096     0.00072
  10.98252     0.00062     0.00160     0.00084     0.00068
  11.50550     0.00090     0.00115     0.00079     0.00068
  12.02848     0.00110     0.00242     0.00124     0.00094
  12.55146     0.00082     0.00159     0.00067     0.00079
  13.07443     0.00090     0.00130     0.00066     0.00081
  13.59741     0.00088     0.00089     0.00060     0.00100
  14.12039     0.00091     0.00220     0.00055     0.00108
  14.64337     0.00045     0.00135     0.00038     0.00083
  15.16634     0.00075     0.00096     0.00064     0.00061
  15.68932     0.00136     0.00151     0.00130     0.00078
  16.21230     0.00084     0.00116     0.00051     0.00093
  16.73528     0.00072     0.00165     0.00100     0.00111
  17.25825     0.00073     0.00092     0.00061     0.00096
  17.78123     0.00131     0.00107     0.00130     0.00115
  18.30421     0.00079     0.00082     0.00045     0.00065
  18.82718     0.00073     0.00083     0.00072     0.00065
  19.35016     0.00071     0.00090     0.00070     0.00074
  19.87314     0.00081     0.00099     0.00068     0.00093
  20.39612     0.00062     0.00118     0.00102     0.00092
  20.91909     0.00097     0.00157     0.00075     0.00068
  21.44207     0.00167     0.00200     0.00167     0.00089
  21.96505     0.00131     0.00118     0.00088     0.00072
  22.48803     0.00085     0.00207     0.00169     0.00193
  23.01100     0.00054     0.00124     0.00125     0.00087
  23.53398     0.00130     0.00113     0.00121     0.00118
  24.05696     0.00085     0.00098     0.00072     0.00074
  24.57994     0.00109     0.00191     0.00149     0.00063
  25.10291     0.00178     0.00096     0.00149     0.00101
  25.62589     0.00184     0.00206     0.00162     0.00182
  26.14887     0.00061     0.00072     0.00059     0.00061
  26.67184     0.00164     0.00103     0.00125     0.00104
  27.19482     0.00220     0.00229     0.00183     0.00187
  27.71780     0.00074     0.00072     0.00070     0.00046
  28.24078     0.00064     0.00092     0.00044     0.00067
  28.76375     0.00057     0.00086     0.00045     0.00056
  29.28673     0.00125     0.00163     0.00143     0.00079
  29.80971     0.00091     0.00088     0.00057     0.00063
  30.33269     0.00066     0.00086     0.00085     0.00070
  30.85566     0.00079     0.00067     0.00072     0.00067
  31.37864     0.00077     0.00080     0.00072     0.00057
  31.90162     0.00068     0.00071     0.00061     0.00071
  32.42459     0.00114     0.00092     0.00075     0.00085
  32.94757     0.00084     0.00075     0.00068     0.00063
  33.47055     0.00086     0.00062     0.00050     0.00076
  33.99353     0.00072     0.00093     0.00065     0.00080
  34.51651     0.00072     0.00080     0.00084     0.00092
  35.03948     0.00074     0.00109     0.00102     0.00075
  35.56246     0.00104     0.00120     0.00089     0.00103
  36.08544     0.00091     0.00086     0.00112     0.00080
  36.60841     0.00255     0.00337     0.00229     0.00247
  37.13139     0.00094     0.00108     0.00083     0.00117
  37.65437     0.00175     0.00199     0.00148     0.00211
  38.17735     0.00263     0.00243     0.00261     0.00223
  38.70033     0.00214     0.00216     0.00232     0.00225
  39.22330     0.00124     0.00160     0.00140     0.00113
  39.74628     0.00218     0.00263     0.00201     0.00212
  40.26926     0.00501     0.00420     0.00417     0.00424
  40.79223     0.00081     0.00133     0.00103     0.00126
  41.31521     0.00272     0.00290     0.00179     0.00203
  41.83819     0.00096     0.00118     0.00108     0.00099
  42.36116     0.00156     0.00189     0.00129     0.00113
  42.88414     0.00381     0.00347     0.00301     0.00366
  43.40712     0.00165     0.00185     0.00142     0.00128
  43.93010     0.00323     0.00323     0.00277     0.00272
  44.45308     0.00212     0.00192     0.00211     0.00183
  44.97605     0.00496     0.00480     0.00484     0.00486
  45.49903     0.00292     0.00300     0.00302     0.00242
  46.02201     0.00466     0.00431     0.00425     0.00480
  46.54498     0.01046     0.01004     0.00909     0.01018
  47.06796     0.00958     0.00919     0.00924     0.00960
  47.59094     0.01652     0.01678     0.01494     0.01582
  48.11391     0.00821     0.00858     0.00939     0.00770
  48.63689     0.00732     0.00713     0.00721     0.00686
  49.15987     0.00201     0.00236     0.00225     0.00216
  49.68285     0.00270     0.00248     0.00336     0.00249
  50.20583     0.00130     0.00130     0.00130     0.00130
  50.72880     0.00000     0.00000     0.00000     0.00000
  51.25178     0.00130     0.00130     0.00130     0.00130
  51.77476     0.00130     0.00130     0.00130     0.00130
  52.29774     0.00000     0.00000     0.00000     0.00000
  52.82071     0.00000     0.00000     0.00000     0.00000
  53.34369     0.00000     0.00000     0.00000     0.00000
  53.86667     0.00000     0.00000     0.00000     0.00000
  54.38964     0.00000     0.00000     0.00000     0.00000
  54.91262     0.00000     0.00000     0.00000     0.00000
  55.43560     0.00000     0.00000     0.00000     0.00000
  55.95858     0.00000     0.00000     0.00000     0.00000
  56.48155     0.00000     0.00000     0.00000     0.00000
  57.00453     0.00000     0.00000     0.00000     0.00000
  57.52751     0.00000     0.00000     0.00000     0.00000
  58.05049     0.00000     0.00000     0.00000     0.00000
  58.57346     0.00000     0.00000     0.00000     0.00000
  59.09644     0.00000     0.00000     0.00000     0.00000
  59.61942     0.00000     0.00000     0.00000     0.00000
  60.14240     0.00000     0.00000     0.00000     0.00000
  60.66537     0.00000     0.00000     0.00000     0.00000
  61.18835     0.00000     0.00000     0.00000     0.00000
  61.71133     0.00000     0.00000     0.00000     0.00000
  62.23431     0.00000     0.00000     0.00000     0.00000
  62.75728     0.00000     0.00000     0.00000     0.00000
  63.28026     0.00000     0.00000     0.00000     0.00000
  63.80324     0.00000     0.00000     0.00000     0.00000
  64.32622     0.00000     0.00000     0.00000     0.00000
  64.84919     0.00000     0.00000     0.00000     0.00000
  65.37217     0.00000     0.00000     0.00000     0.00000
  65.89515     0.00000     0.00000     0.00000     0.00000
  66.41812     0.00000     0.00000     0.00000     0.00000
  66.94110     0.00000     0.00000     0.00000     0.00000
  67.46408     0.00000     0.00000     0.00000     0.00000
  67.98705     0.00000     0.00000     0.00000     0.00000
  68.51003     0.00000     0.00000     0.00000     0.00000
  69.03301     0.00000     0.00000     0.00000     0.00000
  69.55598     0.00000     0.00000     0.00000     0.00000
  70.07896     0.00000     0.00000     0.00000     0.00000
  70.60194     0.00000     0.00000     0.00000     0.00000
  71.12492     0.00000     0.00000     0.00000     0.00000
  71.64790     0.00000     0.00000     0.00000     0.00000
  72.17088     0.00000     0.00000     0.00000     0.00000
  72.69386     0.00000     0.00000     0.00000     0.00000
  73.21683     0.00000     0.00000     0.00000     0.00000
  73.73981     0.00000     0.00000     0.00000     0.00000
  74.26279     0.00000     0.00000     0.00000     0.00000
  74.78576     0.00000     0.00000     0.00000     0.00000
  75.30874     0.00000     0.00000     0.00000     0.00000
  75.83172     0.00000     0.00000     0.00000     0.00000
  76.35469     0.00000     0.00000     0.00000     0.00000
  76.87767     0.00000     0.00000     0.00000     0.00000
  77.40065     0.00000     0.00000     0.00000     0.00000
  77.92362     0.00000     0.00000     0.00000     0.00000
  78.44660     0.00000     0.00000     0.00000     0.00000
  78.96958     0.00000     0.00000     0.00000     0.00000
  79.49255     0.00000     0.00000     0.00000     0.00000
  80.01553     0.00000     0.00000     0.00000     0.00000
  80.53851     0.00000     0.00000     0.00000     0.00000
  81.06149     0.00000     0.00000     0.00000     0.00000
  81.58447     0.00000     0.00000     0.00000     0.00000
  82.10744     0.00000     0.00000     0.00000     0.00000
  82.63042     0.00000     0.00000     0.00000     0.00000
  83.15340     0.00000     0.00000     0.00000     0.00000
  83.67638     0.00000     0.00000     0.00000     0.00000
  84.19936     0.00000     0.00000     0.00000     0.00000
  84.72233     0.00000     0.00000     0.00000     0.00000
  85.24531     0.00000     0.00000     0.00000     0.00000
  85.76829     0.00000     0.00000     0.00000     0.00000
  86.29126     0.00000     0.00000     0.00000     0.00000
  86.81424     0.00000     0.00000     0.00000     0.00000
  87.33722     0.00000     0.00000     0.00000     0.00000
  87.86020     0.00000     0.00000     0.00000     0.00000
  88.38317     0.00000     0.00000     0.00000     0.00000
  88.90615     0.00000     0.00000     0.00000     0.00000
  89.42913     0.00000     0.00000     0.00000     0.00000
  89.95210     0.00000     0.00000     0.00000     0.00000
  90.47508     0.00000     0.00000     0.00000     0.00000
  90.99806     0.00000     0.00000     0.00000     0.00000
  91.52103     0.00000     0.00000     0.00000     0.00000
  92.04401     0.00000     0.00000     0.00000     0.00000
  92.56699     0.00000     0.00000     0.00000     0.00000
  93.08997     0.00000     0.00000     0.00000     0.00000
  93.61295     0.00000     0.00000     0.00000     0.00000
  94.13593     0.00000     0.00000     0.00000     0.00000
  94.65890     0.00000     0.00000     0.00000     0.00000
  95.18188     0.00000     0.00000     0.00000     0.00000
  95.70486     0.00000     0.00000     0.00000     0.00000
  96.22783     0.00000     0.00000     0.00000     0.00000
  96.75081     0.00000     0.00000     0.00000     0.00000
  97.27379     0.00000     0.00000     0.00000     0.00000
  97.79677     0.00000     0.00000     0.00000     0.00000
  98.31974     0.00000     0.00000     0.00000     0.00000
  98.84272     0.00000     0.00000     0.00000     0.00000
  99.36570     0.00000     0.00000     0.00000     0.00000
  99.88867     0.00000     0.00000     0.00000     0.00000
 100.41165     0.00000     0.00000     0.00000     0.00000
 100.93463     0.00000     0.00000     0.00000     0.00000
 101.45760     0.00000     0.00000     0.00000     0.00000
 101.98058     0.00000     0.00000     0.00000     0.00000
 102.50356     0.00000     0.00000     0.00000     0.00000
 103.02654     0.00000     0.00000     0.00000     0.00000
 103.54951     0.00000     0.00000     0.00000     0.00000
 104.07249     0.00000     0.00000     0.00000     0.00000
 104.59547     0.00000     0.00000     0.00000     0.00000
