#       Q              S_11(Q)
       0.0012379      14.1509438
       0.0024757      15.1742258
       0.0037136      14.9326458
       0.0049514      23.1501980
       0.0061893      16.8701420
       0.0074271      19.2379684
       0.0086650      12.0593548
       0.0099028      25.0517521
       0.0111407      22.8432293
       0.0123785      21.9426861
       0.0136164      24.0898113
       0.0148542      19.3255424
       0.0160921      19.0248470
       0.0173299      24.7850227
       0.0185678      24.2300510
       0.0198056      32.0699539
       0.0210435      27.7995968
       0.0222814      38.8131599
       0.0235192      47.4679794
       0.0247571      63.9074097
       0.0259949      87.3878326
       0.0272328      81.8832092
       0.0284706      97.6876450
       0.0297085     164.4222565
       0.0309463     154.7993927
       0.0321842     230.1984711
       0.0334220     307.6521606
       0.0346599     461.7175293
       0.0358977     505.3972473
       0.0371356     432.9233704
       0.0383734     492.6364746
       0.0396113     322.2528992
       0.0408491     221.8701172
       0.0420870     151.3227997
       0.0433249     117.8387070
       0.0445627     110.3034210
       0.0458006      84.1351700
       0.0470384      73.5051727
       0.0482763      73.4436798
       0.0495141      49.5033150
       0.0507520      55.1858063
       0.0519898      67.0330582
       0.0532277      43.3917694
       0.0544655      48.4176254
       0.0557034      47.9290695
       0.0569412      49.9753685
       0.0581791      52.9782600
       0.0594169      46.0868073
       0.0606548      53.0615120
       0.0618926      48.5955544
       0.0631305      58.1731224
       0.0643683      54.3856468
       0.0656062      61.9662895
       0.0668441      58.9955711
       0.0680819      48.4185982
       0.0693198      45.1251106
       0.0705576      51.3159866
       0.0717955      46.7765503
       0.0730333      41.9213829
       0.0742712      38.5623970
       0.0755090      30.2343521
       0.0767469      30.0194778
       0.0779847      22.2647572
       0.0792226      19.6356087
       0.0804604      15.1238985
       0.0816983      12.7021046
       0.0829361      11.4067297
       0.0841740       9.3106966
       0.0854118       7.7562833
       0.0866497       6.0202136
       0.0878876       6.1634021
       0.0891254       4.5565305
       0.0903633       4.7396441
       0.0916011       3.5530529
       0.0928390       3.1786251
       0.0940768       2.5922883
       0.0953147       2.1842701
       0.0965525       1.6917999
       0.0977904       2.1677923
       0.0990282       1.4556855
       0.1002661       1.4788766
       0.1015039       1.1262795
       0.1027418       0.9798136
       0.1039796       0.8456113
       0.1052175       0.9714265
       0.1064553       0.7612236
       0.1076932       0.8560007
       0.1089310       0.7422664
       0.1101689       0.8300408
       0.1114068       0.8548317
       0.1126446       1.0386474
       0.1138825       1.1007334
       0.1151203       1.1647731
       0.1163582       1.1324576
       0.1175960       1.2823608
       0.1188339       1.1695640
       0.1200717       1.3924559
       0.1213096       1.4466316
       0.1225474       1.3984629
       0.1237853       1.6371130
       0.1250231       1.4973893
       0.1262610       1.8007925
       0.1274989       1.8575613
       0.1287367       1.7551708
       0.1299745       1.8551822
       0.1312124       2.0869758
       0.1324503       1.9608088
       0.1336881       2.1900244
       0.1349260       2.1638792
       0.1361638       2.1644177
       0.1374017       2.2935066
       0.1386395       2.2282398
       0.1398774       2.0479207
       0.1411152       2.2806194
       0.1423531       2.0834711
       0.1435909       1.9423511
       0.1448288       1.9570023
       0.1460666       2.0032349
       0.1473045       1.8558863
       0.1485423       1.7214886
       0.1497802       1.7671323
       0.1510181       1.4944608
       0.1522559       1.3976102
       0.1534937       1.3503116
       0.1547316       1.0877912
       0.1559695       1.1954049
       0.1572073       0.9928814
       0.1584452       0.9723751
       0.1596830       1.0170677
       0.1609209       0.7084067
       0.1621587       0.8709894
       0.1633966       0.7092674
       0.1646344       0.5786673
       0.1658723       0.6056805
       0.1671101       0.5784155
       0.1683480       0.4785107
       0.1695858       0.5101303
       0.1708237       0.4361560
       0.1720615       0.3537596
       0.1732994       0.3162926
       0.1745373       0.2984082
       0.1757751       0.3189768
       0.1770130       0.3043609
       0.1782508       0.2720407
       0.1794887       0.2670737
       0.1807265       0.2497171
       0.1819644       0.2515213
       0.1832022       0.3204628
       0.1844401       0.2411515
       0.1881536       0.2072949
       0.1918672       0.2519145
       0.1955808       0.3522796
       0.1992943       0.3239632
       0.2030079       0.4193017
       0.2067214       0.3602340
       0.2104350       0.6201130
       0.2141485       0.5031975
       0.2178621       0.2808089
       0.2215757       0.1621220
       0.2252892       0.1325868
       0.2290028       0.2091209
       0.2327163       0.2675291
       0.2364299       0.1626308
       0.2401434       0.1272728
       0.2438570       0.1054638
       0.2475706       0.0675598
       0.2512841       0.0964275
       0.2549977       0.0871257
       0.2587112       0.1156616
       0.2624248       0.1188661
       0.2661384       0.1188063
       0.2698519       0.1245991
       0.2735655       0.1513368
       0.2772790       0.1218304
       0.2809926       0.0822283
       0.2847061       0.1406798
       0.2884197       0.1920301
       0.2921333       0.2238819
       0.2958468       0.0855308
       0.2995604       0.0597987
       0.3032739       0.0826235
       0.3069875       0.1334179
       0.3107011       0.0869735
       0.3144146       0.0697251
       0.3181282       0.1100725
       0.3218417       0.1351163
       0.3255553       0.0758840
       0.3292688       0.0797498
       0.3329824       0.1247279
       0.3366960       0.1195555
       0.3404095       0.0980757
       0.3441231       0.0804662
       0.3478366       0.0421496
       0.3515502       0.1415525
       0.3552638       0.1892287
       0.3589773       0.1354356
       0.3626909       0.1114421
       0.3664044       0.0569708
       0.3701180       0.0502012
       0.3738316       0.0747872
       0.3775451       0.0901444
       0.3812587       0.0812538
       0.3849722       0.1040461
       0.3886858       0.0826082
       0.3923993       0.0931264
       0.3961129       0.0800360
       0.3998265       0.0693290
       0.4035400       0.0744471
       0.4072536       0.0958323
       0.4109671       0.0870406
       0.4146807       0.1047325
       0.4183943       0.1380503
       0.4221078       0.1052284
       0.4258214       0.0730390
       0.4295349       0.0567276
       0.4332485       0.0653894
       0.4369621       0.0770206
       0.4406756       0.0900783
       0.4443892       0.0459426
       0.4481027       0.1145887
       0.4518163       0.1358026
       0.4555298       0.0667356
       0.4592434       0.0550762
       0.4629570       0.0563139
       0.4666705       0.0772715
       0.4703841       0.0962798
       0.4740976       0.0856064
       0.4778112       0.1440715
       0.4815248       0.0752609
       0.4852383       0.0867738
       0.4889519       0.0851074
       0.4926654       0.0693929
       0.4963790       0.0786349
       0.5000926       0.1385812
       0.5038061       0.1318951
       0.5075197       0.0758225
       0.5112332       0.0683129
       0.5149468       0.0507755
       0.5186604       0.1103535
       0.5223739       0.1675618
       0.5260875       0.1097807
       0.5298010       0.0853397
       0.5335146       0.0810032
       0.5372281       0.0806361
       0.5409417       0.0909781
       0.5446553       0.1008254
       0.5483688       0.0772101
       0.5520824       0.0675304
       0.5557959       0.1235542
       0.5595095       0.1270594
       0.5632231       0.1565808
       0.5669366       0.2090190
       0.5706502       0.1223911
       0.5743637       0.0752967
       0.5780773       0.0880443
       0.5817909       0.1608451
       0.5855044       0.1122860
       0.5892180       0.1037366
       0.5929315       0.0685967
       0.5966451       0.0564598
       0.6003586       0.0845065
       0.6040722       0.1030327
       0.6077858       0.0974084
       0.6114993       0.1060481
       0.6152129       0.1016392
       0.6189264       0.1323643
       0.6226400       0.0666425
       0.6263536       0.0441289
       0.6300671       0.1082674
       0.6337807       0.0868624
       0.6374942       0.0886161
       0.6412078       0.0832167
       0.6449214       0.0631803
       0.6486349       0.0442929
       0.6523485       0.1313724
       0.6560620       0.2398684
       0.6597756       0.1806500
       0.6634891       0.1026664
       0.6672027       0.1399723
       0.6709163       0.0774618
       0.6746298       0.0913318
       0.6783434       0.1121102
       0.6820569       0.1114857
       0.6857705       0.1641138
       0.6894841       0.1570295
       0.6931976       0.1462318
       0.6969112       0.0574848
       0.7006247       0.1173479
       0.7043383       0.1077228
       0.7080518       0.0618847
       0.7117654       0.0661332
       0.7154790       0.1007833
       0.7191925       0.0564161
       0.7229061       0.1494246
       0.7266196       0.0942074
       0.7303332       0.0883649
       0.7340468       0.1103788
       0.7377603       0.0919622
       0.7414739       0.0506967
       0.7451874       0.0397645
       0.7489009       0.0610626
       0.7526146       0.1140228
       0.7563281       0.1111419
       0.7600417       0.1407454
       0.7637552       0.1043148
       0.7674688       0.1447576
       0.7711823       0.0613975
       0.7748959       0.0872306
       0.7786095       0.0978906
       0.7823230       0.1057000
       0.7860366       0.1263754
       0.7897501       0.1292443
       0.7934636       0.1731850
       0.7971773       0.1224868
       0.8008908       0.1231378
       0.8046044       0.0572782
       0.8083179       0.0834142
       0.8120314       0.1272825
       0.8157451       0.0922501
       0.8194586       0.0776666
       0.8231722       0.1219480
       0.8268857       0.1097239
       0.8305992       0.1316295
       0.8343128       0.1709551
       0.8380264       0.1302586
       0.8417400       0.1119065
       0.8454535       0.1883035
       0.8491670       0.2113015
       0.8528806       0.2020917
       0.8565941       0.3117141
       0.8603078       0.2417098
       0.8640213       0.1362018
       0.8677348       0.1741344
       0.8714484       0.2007847
       0.8751619       0.1656312
       0.8788755       0.1672220
       0.8825891       0.0802105
       0.8863026       0.0748469
       0.8900162       0.1372040
       0.8937297       0.1371311
       0.8974433       0.0856936
       0.9011569       0.0986374
       0.9048705       0.1308912
       0.9085840       0.1824777
       0.9122975       0.1706537
       0.9160111       0.0944660
       0.9197246       0.1389827
       0.9234383       0.1588817
       0.9271518       0.1592942
       0.9308653       0.2768784
       0.9345789       0.2164607
       0.9382924       0.1961385
       0.9420060       0.2947572
       0.9457196       0.2504652
       0.9494331       0.1683816
       0.9531467       0.1303532
       0.9568602       0.1730814
       0.9605738       0.1624099
       0.9642873       0.1314164
       0.9680009       0.2408533
       0.9717145       0.1848998
       0.9754280       0.1919662
       0.9791416       0.2050041
       0.9828551       0.1723015
       0.9865687       0.1190135
       0.9902823       0.1487612
       0.9939958       0.2213371
       0.9977094       0.1845850
       1.0014230       0.1581368
       1.0051365       0.2412498
       1.0088501       0.1955080
       1.0125636       0.2178137
       1.0162772       0.2711972
       1.0199908       0.2650248
       1.0237043       0.1396588
       1.0274179       0.1050473
       1.0311314       0.1891228
       1.0348450       0.2137769
       1.0385585       0.1778997
       1.0422721       0.2766373
       1.0459857       0.2898371
       1.0496992       0.2540078
       1.0534128       0.2697786
       1.0571263       0.2198827
       1.0608399       0.1921121
       1.0645535       0.2076414
       1.0682670       0.1917192
       1.0719806       0.2986406
       1.0756941       0.3159698
       1.0794077       0.2797476
       1.0831213       0.2314226
       1.0868348       0.1653791
       1.0905484       0.2748046
       1.0942619       0.3205777
       1.0979755       0.2505191
       1.1016890       0.2139382
       1.1054026       0.3518244
       1.1091162       0.4518726
       1.1128297       0.3115705
       1.1165433       0.3032533
       1.1202568       0.3469393
       1.1239704       0.4941050
       1.1276840       0.2650086
       1.1313975       0.2989509
       1.1351111       0.2944127
       1.1388246       0.2249365
       1.1425382       0.3363156
       1.1462517       0.4224099
       1.1499653       0.5654112
       1.1536789       0.4414096
       1.1573924       0.4779088
       1.1611060       0.5684013
       1.1648195       0.2487764
       1.1685331       0.5599133
       1.1722467       0.3790389
       1.1759602       0.3938689
       1.1796738       0.5706760
       1.1833873       0.6345229
       1.1871009       0.4237414
       1.1908145       0.2835408
       1.1945280       0.2936210
       1.1982416       0.2598980
       1.2019551       0.1921871
       1.2056687       0.2051193
       1.2093822       0.2242677
       1.2130958       0.3103370
       1.2168094       0.3992852
       1.2205229       0.6803144
       1.2242365       0.5059574
       1.2279500       0.2949782
       1.2316636       0.2903294
       1.2353772       0.2850491
       1.2390907       0.4875333
       1.2428043       0.4557749
       1.2465178       0.4021303
       1.2502314       0.3209116
       1.2539450       0.4868058
       1.2576585       0.5811685
       1.2613721       0.4101323
       1.2650856       0.2977355
       1.2687992       0.2510755
       1.2725127       0.2428792
       1.2762263       0.3530861
       1.2799399       0.5499151
       1.2836534       0.8844662
       1.2873670       1.0529078
       1.2910805       0.9705286
       1.2947941       0.4523367
       1.2985077       0.3874144
       1.3022212       0.5996669
       1.3059348       0.6410621
       1.3096483       0.3653194
       1.3133619       0.5785486
       1.3170754       0.3329983
       1.3207890       0.4142086
       1.3245026       0.4899848
       1.3282161       0.5665348
       1.3319297       0.4023195
       1.3356432       0.6315190
       1.3393568       0.7209252
       1.3430704       0.6320710
       1.3467839       0.5341098
       1.3504975       0.7225267
       1.3542110       0.7783855
       1.3579246       0.6338983
       1.3616382       0.4668918
       1.3653517       0.5248638
       1.3690653       0.6686714
       1.3727788       0.4406891
       1.3764924       0.5286398
       1.3802059       0.6036875
       1.3839195       0.6661497
       1.3876331       0.4498442
       1.3913466       0.6941704
       1.3950602       0.4510027
       1.3987737       0.7836295
       1.4024873       0.6025389
       1.4062009       0.5037098
       1.4099144       0.7221912
       1.4136280       0.8418002
       1.4173415       0.6763974
       1.4210551       0.7478851
       1.4247687       0.8837383
       1.4284822       1.3876233
       1.4321958       1.2561493
       1.4359093       0.7746712
       1.4396229       0.4820135
       1.4433364       0.7011248
       1.4470500       0.8010920
       1.4507636       0.7592085
       1.4544771       0.4616354
       1.4581907       1.0933965
       1.4619042       0.9472338
       1.4656178       1.0095578
       1.4693314       1.1868116
       1.4730449       1.4521110
       1.4767585       1.1904958
       1.4804720       1.2339191
       1.4841856       1.1913258
       1.4878991       0.8592699
       1.4916127       0.7776134
       1.4953263       1.5274355
       1.4990398       1.7270010
       1.5027534       0.9069656
       1.5064669       0.6617149
       1.5101805       1.1541650
       1.5138941       1.0137066
       1.5176076       1.7672088
       1.5213212       1.5274119
       1.5250347       0.9125040
       1.5287483       1.2310197
       1.5324619       1.0462201
       1.5361754       1.0999137
       1.5398890       1.9848350
       1.5436025       1.5392065
       1.5473161       0.8727624
       1.5510296       1.5586647
       1.5547432       1.1479234
       1.5584568       2.0179613
       1.5621703       1.4691361
       1.5658839       0.8605092
       1.5695974       0.4793184
       1.5733110       0.7703055
       1.5770246       0.5546402
       1.5807381       1.1376386
       1.5844517       2.1501966
       1.5881652       1.8054144
       1.5918788       1.1950066
       1.5955924       1.4969597
       1.5993059       2.4086246
       1.6030195       2.0825841
       1.6067330       1.9030159
       1.6104466       2.1504078
       1.6141601       1.6572292
       1.6178737       2.4228804
       1.6215873       1.8639332
       1.6253008       1.4769769
       1.6290144       2.1964164
       1.6327279       1.2250274
       1.6364415       1.2444811
       1.6401551       2.0523288
       1.6438686       2.6946697
       1.6475822       2.6953657
       1.6512957       1.8892167
       1.6550093       1.4982210
       1.6587228       2.1246307
       1.6624364       2.2428327
       1.6661500       1.7165686
       1.6698635       2.5995326
       1.6735771       1.9656738
       1.6772906       1.3259147
       1.6810042       1.4855728
       1.6847178       2.1718106
       1.6884313       2.0920546
       1.6921449       1.5032176
       1.6958584       2.5829005
       1.6995720       1.8673102
       1.7032856       2.2973981
       1.7069991       2.4102359
       1.7107127       1.1574732
       1.7144262       1.3500060
       1.7181398       1.9932163
       1.7218533       2.8121960
       1.7255669       2.6692810
       1.7292805       1.9693466
       1.7329940       1.6557688
       1.7367076       1.9272267
       1.7404211       2.5430722
       1.7441347       2.0301628
       1.7478483       1.6128266
       1.7515618       1.4306353
       1.7552754       2.0784190
       1.7589889       3.0978978
       1.7627025       2.4145298
       1.7664161       2.0169551
       1.7701296       2.0065835
       1.7738432       2.1820030
       1.7775567       1.5680491
       1.7812703       2.2614408
       1.7849838       1.8375604
       1.7886974       1.8100121
       1.7924110       2.2748163
       1.7961245       2.2870860
       1.7998381       2.2118378
       1.8035516       2.3326523
       1.8072652       3.0501602
       1.8109788       3.0597520
       1.8146923       2.3549662
       1.8184059       2.0812132
       1.8221194       2.8397884
       1.8258330       4.7498040
       1.8295465       3.7563548
       1.8332601       2.5508349
       1.8369737       2.3444302
       1.8406872       2.1305652
       1.8444008       2.9895718
       1.8481143       3.0056651
       1.8518279       2.2755971
       1.8555415       2.5013552
       1.8592550       1.2819281
       1.8629686       2.3945365
       1.8666821       3.3048472
       1.8703957       4.3673239
       1.8741093       2.6643214
       1.8778228       1.4216316
       1.8815364       2.9360218
       1.8852499       3.5167477
       1.8889635       2.5467496
       1.8926769       3.5546403
       1.8963906       2.8869557
       1.9001042       2.2999375
       1.9038177       1.4737196
       1.9075313       1.5830851
       1.9112448       2.1630657
       1.9149584       2.1125569
       1.9186720       1.5581716
       1.9223855       2.0276084
       1.9260991       2.7928472
       1.9298126       3.5404727
       1.9335262       3.5443008
       1.9372398       2.4706728
       1.9409533       1.4739521
       1.9446669       1.5004790
       1.9483804       1.4511862
       1.9520940       1.3607361
       1.9558074       2.0290387
       1.9595211       1.8056959
       1.9632347       1.0570723
       1.9669482       1.8555107
       1.9706618       1.1495531
       1.9743752       0.7608673
       1.9780889       0.8385782
       1.9818025       1.1084336
       1.9855160       1.1203449
       1.9892296       0.7674438
       1.9929430       0.6532341
       1.9966567       1.0438221
       2.0003703       0.8761131
       2.0040839       1.0810850
       2.0077972       1.5252103
       2.0115108       2.2403069
       2.0152245       2.2362568
       2.0189381       0.9636341
       2.0226517       0.9875622
       2.0263650       0.3651460
       2.0300786       0.5084156
       2.0337923       0.8598412
       2.0375059       1.5259651
       2.0412192       1.3586446
       2.0449328       0.9837977
       2.0486465       1.1476851
       2.0523601       0.8390105
       2.0560737       0.5398942
       2.0597870       1.1941692
       2.0635006       0.7671120
       2.0672143       0.5792818
       2.0709279       0.6583959
       2.0746415       0.5617851
       2.0783548       0.7498006
       2.0820684       0.8080846
       2.0857821       0.6065238
       2.0894957       1.1601063
       2.0932093       0.9086992
       2.0969226       0.5184190
       2.1006362       0.6605263
       2.1043499       0.7972865
       2.1080635       0.6879903
       2.1117771       0.6002758
       2.1154904       0.7799349
       2.1192040       0.6849049
       2.1229177       0.6710803
       2.1266313       0.7368917
       2.1303449       0.8124784
       2.1340582       0.6599350
       2.1377718       1.0053422
       2.1414855       0.8361707
       2.1451991       0.8128618
       2.1489124       0.7394707
       2.1526260       0.6891305
       2.1563396       0.9881350
       2.1600533       0.9109476
       2.1637669       0.4258572
       2.1674802       0.6196007
       2.1711938       0.6026539
       2.1749074       0.6564475
       2.1786211       0.7094356
       2.1823347       0.3965928
       2.1860480       0.5703027
       2.1897616       0.6444446
       2.1934752       0.7341089
       2.1971889       0.7471725
       2.2009025       1.0511690
       2.2046158       1.1303798
       2.2083294       0.8177185
       2.2120430       0.6106943
       2.2157567       0.7220953
       2.2194703       0.7933648
       2.2231836       0.7550116
       2.2268972       0.4068663
       2.2306108       0.3506681
       2.2343245       0.4668791
       2.2380381       0.4125727
       2.2417514       0.6296166
       2.2454650       0.5795396
       2.2491786       0.6422085
       2.2528923       0.8848780
       2.2566056       0.9881448
       2.2603192       0.7874884
       2.2640328       0.5860648
       2.2677464       0.7983744
       2.2714601       0.6685088
       2.2751734       0.6403420
       2.2788870       0.7247139
       2.2826006       0.7803336
       2.2863142       0.7079278
       2.2900279       0.4178193
       2.2937412       0.7366756
       2.2974548       0.6601728
       2.3011684       0.6951302
       2.3048820       0.6241041
       2.3085957       0.2568217
       2.3123090       0.3031538
       2.3160226       0.4681879
       2.3197362       0.6742107
       2.3234499       0.6768700
       2.3271635       0.1510077
       2.3308768       0.2747387
       2.3345904       0.7149892
       2.3383040       0.6033567
       2.3420177       0.6110642
       2.3457313       0.5769275
       2.3494446       0.3431192
       2.3531582       0.4928756
       2.3568718       0.6032430
       2.3605855       1.0548840
       2.3642991       0.9758365
       2.3680124       0.6992151
       2.3717260       0.4123684
       2.3754396       0.6607326
       2.3791533       0.8315815
       2.3828666       0.6254381
       2.3865802       0.6809366
       2.3902938       0.4928820
       2.3940074       0.4773036
       2.3977211       0.5556587
       2.4014344       0.3821064
       2.4051480       0.6208890
       2.4088616       0.9550293
       2.4125752       0.6934763
       2.4162889       0.6686877
       2.4200022       0.6343007
       2.4237158       0.5976861
       2.4274294       0.5341814
       2.4311430       0.3422665
       2.4348567       0.4129581
       2.4385700       0.3170120
       2.4422836       0.6132425
       2.4459972       0.7648062
       2.4497108       0.5729400
       2.4534245       0.6097649
       2.4571378       0.5846493
       2.4608514       0.4225560
       2.4645650       0.6657756
       2.4682786       0.7170045
       2.4719923       0.3419427
       2.4757056       0.4641377
       2.4794192       0.7137310
       2.4831328       0.6119420
       2.4868464       0.5289311
       2.4905598       0.3870339
       2.4942734       0.3220195
       2.4979870       0.4616968
       2.5017006       0.6220098
       2.5054142       0.6442355
       2.5091276       0.6171650
       2.5128412       0.5211173
       2.5165548       0.6101979
       2.5202684       0.4470180
       2.5239820       0.4117247
       2.5276954       0.6501104
       2.5314090       0.5314158
       2.5351226       0.5456836
       2.5388362       0.3411583
       2.5425498       0.6114687
       2.5462632       0.8911715
       2.5499768       0.6967347
       2.5536904       0.9481900
       2.5574040       0.6653528
       2.5611176       0.5376846
       2.5648310       0.8465573
       2.5685446       0.7878906
       2.5722582       0.7763848
       2.5759718       0.6115185
       2.5796854       0.4138083
       2.5833988       0.6679593
       2.5871124       0.6826898
       2.5908260       0.7470332
       2.5945396       0.4388608
       2.5982530       0.6504446
       2.6019666       0.6208334
       2.6056802       0.4101175
       2.6093938       0.3651074
       2.6131074       0.3931582
       2.6168208       0.6140598
       2.6205344       0.5070294
       2.6242480       0.2547964
       2.6279616       0.6019185
       2.6316752       0.9285137
       2.6353886       0.4755417
       2.6391022       0.5626898
       2.6428158       0.7349278
       2.6465294       0.5971905
       2.6502430       0.4236194
       2.6539564       0.6267111
       2.6576700       0.5843860
       2.6613836       0.3007117
       2.6650972       0.4461378
       2.6688108       0.8369969
       2.6725242       0.6872944
       2.6762378       0.4877358
       2.6799514       0.3927521
       2.6836650       0.5518250
       2.6873786       0.4580648
       2.6910920       0.5968686
       2.6948056       0.7880899
       2.6985192       0.8618740
       2.7022328       0.8210350
       2.7059462       0.5058557
       2.7096598       0.7190676
       2.7133734       0.8227078
       2.7170870       1.0947969
       2.7208006       1.2729136
       2.7245140       1.2859958
       2.7282276       1.2192357
       2.7319412       1.0559586
       2.7356548       0.9029576
       2.7393684       0.5480074
       2.7430818       0.7615901
       2.7467954       0.9452664
       2.7505090       0.6385468
       2.7542226       0.5502919
       2.7579362       0.6496965
       2.7616496       0.6162661
       2.7653632       0.9233573
       2.7690768       1.0543625
       2.7727904       0.7578050
       2.7765040       0.6881508
       2.7802174       0.7395670
       2.7839310       0.6568757
       2.7876446       0.5257007
       2.7913582       0.4816158
       2.7950718       0.5356804
       2.7987852       0.8099858
       2.8024988       0.9625021
       2.8062124       1.0098521
       2.8099260       0.5728090
       2.8136396       0.6330134
       2.8173530       0.8461601
       2.8210666       0.7881867
       2.8247802       0.7577247
       2.8284938       0.4065965
       2.8322072       0.5308770
       2.8359208       1.0329318
       2.8396344       1.0424941
       2.8433480       0.9835285
       2.8470616       0.6214523
       2.8507750       1.4630148
       2.8544886       1.0191995
       2.8582022       0.3227910
       2.8619158       0.5507510
       2.8656294       0.7629417
       2.8693428       1.0000653
       2.8730564       1.0844280
       2.8767700       0.5038387
       2.8804836       0.6530720
       2.8841972       0.8935851
       2.8879106       1.4927721
       2.8916242       1.2124932
       2.8953378       0.7792908
       2.8990514       0.5598134
       2.9027650       0.4352376
       2.9064784       0.4353758
       2.9101920       0.6792995
       2.9139056       0.8445605
       2.9176192       1.4392569
       2.9213328       1.1224273
       2.9250462       0.9894820
       2.9287598       1.2167103
       2.9324734       1.4007633
       2.9361870       1.6446114
       2.9399004       1.5964510
       2.9436140       0.8242302
       2.9473276       0.6889202
       2.9510412       0.6347352
       2.9547548       0.8570186
       2.9584682       1.1713938
       2.9621818       0.5435039
       2.9658954       0.9358488
       2.9696090       0.7657330
       2.9733226       0.8323156
       2.9770360       1.2140582
       2.9807496       0.7599612
       2.9844632       0.5952767
       2.9881768       1.0761235
       2.9918904       1.1542898
       2.9956038       0.6882250
       2.9993174       0.8053985
       3.0030310       1.0860646
       3.0067446       1.5519693
       3.0104582       1.1877742
       3.0141716       1.1002216
       3.0178852       1.0290310
       3.0215988       1.0811141
       3.0253124       0.9303427
       3.0290260       0.8681008
       3.0327394       0.9013016
       3.0364530       0.6629758
       3.0401666       1.2556895
       3.0438802       1.7262733
       3.0475936       0.9679952
       3.0513072       1.0284290
       3.0550208       1.0556008
       3.0587344       0.8487875
       3.0624480       1.0760658
       3.0661614       1.0030454
       3.0698750       0.4298803
       3.0735886       0.5765809
       3.0773022       0.8280433
       3.0810158       1.0254198
       3.0847292       0.9656395
       3.0884428       0.9956793
       3.0921564       1.2496822
       3.0958700       1.0941175
       3.0995836       0.8544487
       3.1032970       1.1150854
       3.1070106       0.9443494
       3.1107242       1.5133386
       3.1144378       2.0818875
       3.1181514       1.4366040
       3.1218648       0.7570593
       3.1255784       1.5800744
       3.1292920       0.8972610
       3.1330056       1.1066363
       3.1367192       1.3257471
       3.1404326       1.2830868
       3.1441462       1.5469739
       3.1478598       1.3762890
       3.1515734       0.9047933
       3.1552870       1.0182142
       3.1590004       0.6909431
       3.1627140       0.5807489
       3.1664276       0.7452437
       3.1701412       0.7953021
       3.1738546       0.8717690
       3.1775682       1.5867662
       3.1812818       1.7722868
       3.1849954       1.9892601
       3.1887090       1.6847032
       3.1924224       0.7229590
       3.1961360       1.2240210
       3.1998496       1.1801332
       3.2035632       1.0517905
       3.2072768       0.9828057
       3.2109902       1.2731240
       3.2147038       1.3109676
       3.2184174       0.9970028
       3.2221310       0.7067181
       3.2258446       1.5267853
       3.2295580       2.0128670
       3.2332716       1.1438415
       3.2369852       0.5032858
       3.2406988       0.6113304
       3.2444124       1.3820521
       3.2481258       2.0928771
       3.2518394       1.5061877
       3.2555530       1.4730614
       3.2592666       1.2359414
       3.2629802       1.3672013
       3.2666936       1.3085370
       3.2704072       1.3667414
       3.2741208       1.3536687
       3.2778344       1.4961451
       3.2815478       0.9473990
       3.2852614       1.1315423
       3.2889750       1.0770397
       3.2926886       1.1326811
       3.2964022       1.5644029
       3.3001156       0.9941586
       3.3038292       0.6869679
       3.3075428       1.1661257
       3.3112564       1.2552358
       3.3149700       2.1202374
       3.3186834       1.2741175
       3.3223970       0.6710369
       3.3261106       0.7850627
       3.3298242       0.8616673
       3.3335378       0.6673034
       3.3372512       1.1972438
       3.3409648       1.1741396
       3.3446784       1.2894872
       3.3483920       1.7775619
       3.3521056       1.9866505
       3.3558190       1.2558924
       3.3595326       1.9542221
       3.3632462       1.3081110
       3.3669598       1.0133908
       3.3706734       0.7076672
       3.3743868       1.6007373
       3.3781004       1.7915128
       3.3818140       1.7018573
       3.3855276       2.0859551
       3.3892410       2.0816002
       3.3929546       1.3736809
       3.3966682       1.4437420
       3.4003818       1.2419261
       3.4040954       1.2884290
       3.4078088       1.3660190
       3.4115224       1.1185671
       3.4152360       1.0236150
       3.4189496       0.7314409
       3.4226632       0.8481787
       3.4263766       1.2812197
       3.4300902       1.3064673
       3.4338038       1.0911512
       3.4375174       0.5642760
       3.4412310       0.7488860
       3.4449444       1.3563955
       3.4486580       1.9313638
       3.4523716       1.1781030
       3.4560852       0.8404395
       3.4597988       1.2491686
       3.4635122       0.9934743
       3.4672258       0.7945328
       3.4709394       0.9116570
       3.4746530       1.8210809
       3.4783666       1.9119971
       3.4820800       0.9143818
       3.4857936       1.0134008
       3.4895072       1.2800820
       3.4932208       1.2378316
       3.4969344       1.3395706
       3.5006478       1.4567444
       3.5043614       1.7002655
       3.5080750       1.5214565
       3.5117886       1.3044062
       3.5155020       1.0035164
       3.5192156       1.6630411
       3.5229292       1.3252071
       3.5266428       0.7025729
       3.5303564       0.6815016
       3.5340698       1.6371286
       3.5377834       1.4512004
       3.5414970       1.1163771
       3.5452106       0.7360460
       3.5489242       0.5985438
       3.5526376       0.7579712
       3.5563512       1.3775668
       3.5600648       1.1157652
       3.5637784       1.4302771
       3.5674920       1.0668986
       3.5712054       0.9723707
       3.5749190       1.0693696
       3.5786326       1.2009785
       3.5823462       1.1454941
       3.5860598       1.2330918
       3.5897732       1.4421697
       3.5934868       1.4230417
       3.5972004       1.7553972
       3.6009140       1.1265309
       3.6046276       1.0851462
       3.6083410       0.4134720
       3.6120546       0.8907238
       3.6157682       1.3541156
       3.6194818       1.2493500
       3.6231952       0.9949278
       3.6269088       1.1973708
       3.6306224       0.8914291
       3.6343360       1.2042449
       3.6380496       1.2888328
       3.6417630       1.0483401
       3.6454766       1.3479691
       3.6491902       1.1786587
       3.6529038       0.9127622
       3.6566174       0.5962641
       3.6603308       0.8517189
       3.6640444       1.1136224
       3.6677580       1.3511031
       3.6714716       1.5398672
       3.6751852       0.9838917
       3.6788986       0.8483900
       3.6826122       0.9913937
       3.6863258       0.9987191
       3.6900394       1.7564650
       3.6937530       1.1345527
       3.6974664       1.1301302
       3.7011800       0.9816227
       3.7048936       0.7775306
       3.7086072       0.7301328
       3.7123208       1.3146012
       3.7160342       2.0713711
       3.7197478       1.3079031
       3.7234614       0.9403075
       3.7271750       1.0269214
       3.7308884       1.1559447
       3.7346020       0.7816672
       3.7383156       0.5885456
       3.7420292       0.9580699
       3.7457428       1.0940686
       3.7494562       1.3733203
       3.7531698       1.0844555
       3.7568834       0.8341193
       3.7605970       1.2437682
       3.7643106       0.7689231
       3.7680240       0.8193328
       3.7717376       1.1967528
       3.7754512       0.9243422
       3.7791648       0.9638341
       3.7828784       1.2173394
       3.7865918       1.2730622
       3.7903054       1.6342638
       3.7940190       1.1398774
       3.7977326       1.2861679
       3.8014462       0.9671804
       3.8051596       1.8205078
       3.8088732       1.0580565
       3.8125868       0.6033093
       3.8163004       0.4484859
       3.8200140       1.7002008
       3.8237274       1.5088972
       3.8274410       1.3690367
       3.8311546       1.2045896
       3.8348682       0.7144108
       3.8385818       0.9992178
       3.8422952       1.2342163
       3.8460088       1.5055902
       3.8497224       0.7961866
       3.8534360       0.8768203
       3.8571494       0.9678488
       3.8608630       0.7852866
       3.8645766       0.7540601
       3.8682902       1.2745864
       3.8720038       1.4882132
       3.8757172       1.2595028
       3.8794308       0.8810838
       3.8831444       1.2390598
       3.8868580       1.1989326
       3.8905716       1.1325150
       3.8942850       0.9905505
       3.8979986       0.5538009
       3.9017122       0.5208126
       3.9054258       0.7005457
       3.9091394       0.9645259
       3.9128528       0.9595782
       3.9165664       0.9833683
       3.9202800       0.6574379
       3.9239936       0.7130560
       3.9277072       0.9904122
       3.9314206       0.7934353
       3.9351342       0.5984496
       3.9388478       0.5325999
       3.9425614       0.7217487
       3.9462750       0.6289076
       3.9499884       0.5135061
       3.9537020       0.6985126
       3.9574156       0.9416862
       3.9611292       1.2947595
       3.9648426       0.8668957
       3.9685562       0.8794599
       3.9722698       0.8344538
       3.9759834       0.7718017
       3.9796970       0.7769203
       3.9834104       1.1441422
       3.9871240       1.9193280
       3.9908376       1.3845097
       3.9945512       0.8686405
       3.9982648       0.6508777
       4.0019784       1.0042708
       4.0056920       0.9856794
       4.0094056       1.0721042
       4.0131187       1.2357351
       4.0168324       1.2215908
       4.0205460       1.4683025
       4.0242596       0.7264718
       4.0279732       0.9102752
       4.0316868       1.3051541
       4.0354004       0.9897808
       4.0391140       0.7799430
       4.0428276       0.4409140
       4.0465407       0.8025753
       4.0502543       0.3880093
       4.0539680       0.7034122
       4.0576816       0.8679851
       4.0613952       0.4928435
       4.0651088       1.1002305
       4.0688224       1.5924882
       4.0725360       1.2448986
       4.0762496       0.8883022
       4.0799632       0.8872917
       4.0836763       0.6854738
       4.0873899       0.7615743
       4.0911036       0.8811640
       4.0948172       0.9756330
       4.0985308       0.8612185
       4.1022444       0.3560923
       4.1059580       0.8951896
       4.1096716       0.9688464
       4.1133852       0.5924317
       4.1170988       0.6562344
       4.1208119       0.6016413
       4.1245255       0.8576024
       4.1282392       1.7554767
       4.1319528       1.2273563
       4.1356664       1.0744469
       4.1393800       0.7159339
       4.1430936       0.6080543
       4.1468072       0.4914997
       4.1505208       0.8881828
       4.1542339       1.2844797
       4.1579475       0.6193108
       4.1616611       0.4302461
       4.1653748       0.8851601
       4.1690884       1.0597167
       4.1728020       0.8522066
       4.1765156       0.4072507
       4.1802292       0.9733983
       4.1839428       1.1380949
       4.1876564       0.9013084
       4.1913695       0.7963444
       4.1950831       0.8743075
       4.1987967       0.9623204
       4.2025104       0.4884235
       4.2062240       0.4003172
       4.2099376       0.6648692
       4.2136512       0.6202356
       4.2173648       0.5021640
       4.2210784       0.6199116
       4.2247920       0.8009717
       4.2285051       0.7947201
       4.2322187       0.9238184
       4.2359324       0.6109859
       4.2396460       0.6132983
       4.2433596       0.8313244
       4.2470732       0.7068892
       4.2507868       0.3939921
       4.2545004       0.8648456
       4.2582140       0.9344218
       4.2619271       0.7894222
       4.2656407       0.7340649
       4.2693543       0.6687108
       4.2730680       0.5842053
       4.2767816       0.5448042
       4.2804952       0.8023552
       4.2842088       0.6690770
       4.2879224       0.7808723
       4.2916360       0.9055584
       4.2953496       0.8598067
       4.2990627       0.6672019
       4.3027763       0.9850293
       4.3064899       1.0938703
       4.3102036       1.0045983
       4.3139172       1.1318877
       4.3176308       0.5784128
       4.3213444       0.6762743
       4.3250580       0.4682420
       4.3287716       0.9067062
       4.3324852       1.2231696
       4.3361983       0.9714556
       4.3399119       0.5411918
       4.3436255       0.5810979
       4.3473392       0.9751337
       4.3510528       0.7978845
       4.3547664       1.1724031
       4.3584800       0.5095274
       4.3621936       0.4147214
       4.3659072       1.0939825
       4.3696203       1.2144549
       4.3733339       0.7151572
       4.3770475       0.8137806
       4.3807611       1.2093208
       4.3844748       0.9229385
       4.3881884       0.9752690
       4.3919020       1.1981689
       4.3956156       1.0562695
       4.3993292       0.7493953
       4.4030428       0.8758456
       4.4067559       1.2384580
       4.4104695       0.9453882
       4.4141831       0.8678995
       4.4178967       0.6417731
       4.4216104       0.6901802
       4.4253240       0.4601444
       4.4290376       0.7187414
       4.4327512       1.2438675
       4.4364648       1.1675442
       4.4401784       0.7545630
       4.4438915       0.6906565
       4.4476051       0.4567149
       4.4513187       1.2000966
       4.4550323       0.8387932
       4.4587460       0.6541213
       4.4624596       0.9625785
       4.4661732       0.9671364
       4.4698868       1.2709243
       4.4736004       0.9385359
       4.4773135       0.7168338
       4.4810271       0.6653951
       4.4847407       0.4755197
       4.4884543       1.0688510
       4.4921679       1.0343210
       4.4958816       0.5730460
       4.4995952       0.7875434
       4.5033088       0.7997062
       4.5070224       0.7718091
       4.5107360       0.7539073
       4.5144491       1.0019186
       4.5181627       0.5684634
       4.5218763       1.4676982
       4.5255899       1.3307402
       4.5293036       0.9025865
       4.5330172       0.7417769
       4.5367308       0.3439732
       4.5404444       0.8757644
       4.5441580       1.5768402
       4.5478716       0.7113251
       4.5515847       0.2962354
       4.5552983       1.0927551
       4.5590119       1.0412076
       4.5627255       0.9023809
       4.5664392       1.6141644
       4.5701528       1.5473359
       4.5738664       0.8002533
       4.5775800       0.8946004
       4.5812936       0.8210408
       4.5850067       0.6757434
       4.5887203       1.3060529
       4.5924339       1.4406526
       4.5961475       0.6921591
       4.5998611       0.6819836
       4.6035748       0.7917213
       4.6072884       1.1048692
       4.6110020       1.0140414
       4.6147156       0.8601486
       4.6184292       0.7428359
       4.6221423       1.1434658
       4.6258559       1.5016894
       4.6295695       0.9739770
       4.6332831       0.6986772
       4.6369967       0.7896084
       4.6407104       0.5423013
       4.6444240       0.8648522
       4.6481376       1.2182622
       4.6518512       1.2519186
       4.6555648       1.0276000
       4.6592779       0.9114829
       4.6629915       1.2423284
       4.6667051       1.6091837
       4.6704187       1.3145640
       4.6741323       0.8242382
       4.6778460       0.6500750
       4.6815596       0.7235194
       4.6852732       1.6921270
       4.6889868       1.0616970
       4.6926999       0.8359297
       4.6964135       0.8358480
       4.7001271       0.9537929
       4.7038407       0.8194705
       4.7075543       0.6478161
       4.7112679       0.3587601
       4.7149816       0.5898751
       4.7186952       0.8476424
       4.7224088       0.6290595
       4.7261224       0.6255008
       4.7298355       0.8502641
       4.7335491       0.6810282
       4.7372627       1.5097984
       4.7409763       1.4245191
       4.7446899       0.7676136
       4.7484035       1.5713332
       4.7521172       1.4563109
       4.7558308       1.2630706
       4.7595444       1.0490617
       4.7632580       1.2081996
       4.7669711       0.8559352
       4.7706847       1.0359485
       4.7743983       1.6274456
       4.7781119       1.8132206
       4.7818255       0.7811102
       4.7855392       0.6828518
       4.7892528       0.9044388
       4.7929664       1.2764151
       4.7966800       0.9998331
       4.8003936       0.4856953
       4.8041067       0.3666700
       4.8078203       0.5469790
       4.8115339       0.9077994
       4.8152475       0.7079175
       4.8189611       1.1563189
       4.8226748       0.9691349
       4.8263884       0.6102057
       4.8301020       0.6724089
       4.8338156       1.0334336
       4.8375287       1.3182955
       4.8412423       0.9929211
       4.8449559       0.9482290
       4.8486695       1.1489837
       4.8523831       0.9387913
       4.8560967       0.9916185
       4.8598104       1.0667191
       4.8635240       1.3471611
       4.8672376       1.1796221
       4.8709512       1.5983565
       4.8746643       1.6459973
       4.8783779       1.4263211
       4.8820915       1.6138397
       4.8858051       1.0716053
       4.8895187       0.5908821
       4.8932323       1.2608559
       4.8969460       1.3676100
       4.9006596       0.9214661
       4.9043732       1.1678041
       4.9080868       0.6394935
       4.9117999       1.2625046
       4.9155135       1.5459993
       4.9192271       1.2039522
       4.9229407       0.8257105
       4.9266543       0.7972704
       4.9303679       1.0529697
       4.9340816       0.8964435
       4.9377952       0.5512972
       4.9415088       0.6346613
       4.9452219       0.9486791
       4.9489355       1.0053303
       4.9526491       1.1802963
       4.9563627       1.3553617
       4.9600763       1.5256188
       4.9637899       1.4666491
       4.9675035       1.5998895
       4.9712172       1.0990633
       4.9749308       0.4963299
       4.9786444       0.8279431
       4.9823575       1.2938379
       4.9860711       1.1803936
       4.9897847       1.0124228
       4.9934983       1.0921105
       4.9972119       1.0711447
       5.0009255       1.1922188
       5.0046391       1.1756160
       5.0083528       0.8032923
       5.0120664       0.8665379
       5.0157800       0.5409967
       5.0194931       1.4908851
       5.0232067       1.4555044
       5.0269203       1.3787216
       5.0306339       0.8655618
       5.0343475       1.1598690
       5.0380611       0.9389114
       5.0417747       0.7672889
       5.0454884       0.8194966
       5.0492020       1.0557677
       5.0529151       0.8447847
       5.0566287       1.1109279
       5.0603423       0.9294877
       5.0640559       0.8839911
       5.0677695       0.9204618
       5.0714831       0.5021001
       5.0751967       0.9137442
       5.0789104       1.2044207
       5.0826240       0.6597884
       5.0863376       0.5593120
       5.0900507       0.7482354
       5.0937643       1.2894367
       5.0974779       1.3963268
       5.1011915       1.0151547
       5.1049051       0.9690849
       5.1086187       1.2017063
       5.1123323       1.3438871
       5.1160460       1.0588452
       5.1197596       0.8630329
       5.1234732       1.3406743
       5.1271863       1.3132465
       5.1308999       0.7943240
       5.1346135       0.9103392
       5.1383271       1.3358080
       5.1420407       0.6852500
       5.1457543       0.5057722
       5.1494679       1.1527803
       5.1531816       1.8318207
       5.1568952       1.7774919
       5.1606083       1.7220085
       5.1643219       1.1911123
       5.1680355       0.9985517
       5.1717491       0.8515528
       5.1754627       0.5064523
       5.1791763       0.9128720
       5.1828899       1.2898964
       5.1866035       1.0207353
       5.1903172       0.9698070
       5.1940308       1.0229321
       5.1977439       0.8358564
       5.2014575       0.5808271
       5.2051711       1.0154759
       5.2088847       1.1543764
       5.2125983       0.9748308
       5.2163119       1.3294489
       5.2200255       1.2456218
       5.2237391       1.0246173
       5.2274528       0.7095451
       5.2311664       0.8342195
       5.2348795       1.2379154
       5.2385931       1.1081470
       5.2423067       0.9744431
       5.2460203       0.7493167
       5.2497339       1.1538514
       5.2534475       1.5514728
       5.2571611       1.3401064
       5.2608747       1.1804531
       5.2645884       1.3019018
       5.2683015       1.1171449
       5.2720151       1.5137378
       5.2757287       1.3751814
       5.2794423       0.6545984
       5.2831559       0.9516908
       5.2868695       0.8630660
       5.2905831       0.8806114
       5.2942967       0.9423213
       5.2980103       1.1826302
       5.3017240       1.0126804
       5.3054371       0.8229154
       5.3091507       1.0733844
       5.3128643       0.8781031
       5.3165779       0.6508020
       5.3202915       0.6875626
       5.3240051       1.3695239
       5.3277187       1.5230577
       5.3314323       1.1250858
       5.3351460       0.8458665
       5.3388596       1.2269638
       5.3425727       1.1771417
       5.3462863       0.7626876
       5.3499999       1.0155729
       5.3537135       0.7716192
       5.3574271       1.0638244
       5.3611407       1.3523586
       5.3648543       1.2289993
       5.3685679       1.1671435
       5.3722816       0.9259200
       5.3759947       1.1692990
       5.3797083       0.8435509
       5.3834219       0.6451836
       5.3871355       1.4363248
       5.3908491       1.5761433
       5.3945627       1.6366408
       5.3982763       1.2640431
       5.4019899       0.7162411
       5.4057035       0.8907170
       5.4094172       1.0703602
       5.4131303       0.8843744
       5.4168439       0.7686037
       5.4205575       0.8884451
       5.4242711       1.2916965
       5.4279847       1.2213879
       5.4316983       0.8894376
       5.4354119       1.1012228
       5.4391255       0.9098852
       5.4428391       0.6666077
       5.4465528       0.4664557
       5.4502659       0.6400389
       5.4539795       1.3382705
       5.4576931       1.9480217
       5.4614067       1.4316216
       5.4651203       1.0245596
       5.4688339       1.0546638
       5.4725475       0.9576529
       5.4762611       1.2382851
       5.4799747       1.6215559
       5.4836884       1.0017992
       5.4874015       0.6081531
       5.4911151       0.3715240
       5.4948287       1.0204490
       5.4985423       1.2106166
       5.5022559       0.5787412
       5.5059695       0.5891817
       5.5096831       1.2291322
       5.5133967       1.3282743
       5.5171103       0.8400272
       5.5208235       0.6132430
       5.5245371       1.0396202
       5.5282507       1.5574167
       5.5319643       1.8970459
       5.5356779       1.0194938
       5.5393915       1.1151361
       5.5431051       1.1988120
       5.5468187       0.9167759
       5.5505323       0.6644722
       5.5542459       0.7167093
       5.5579591       1.2173736
       5.5616727       1.2634476
       5.5653863       1.4896448
       5.5690999       1.5886292
       5.5728135       0.8469369
       5.5765271       1.0372298
       5.5802407       1.0918870
       5.5839543       0.9775956
       5.5876679       1.0101334
       5.5913815       0.9908403
       5.5950947       0.9981062
       5.5988083       0.7585030
       5.6025219       0.4924129
       5.6062355       0.8224560
       5.6099491       0.9420568
       5.6136627       1.2573698
       5.6173763       1.0925391
       5.6210899       1.0803001
       5.6248035       0.5373740
       5.6285167       0.7305758
       5.6322303       0.8004100
       5.6359439       1.3109915
       5.6396575       1.5431662
       5.6433711       1.0189421
       5.6470847       0.6619908
       5.6507983       1.6454551
       5.6545119       1.1693803
       5.6582255       0.7828919
       5.6619391       0.7597400
       5.6656523       0.5138853
       5.6693659       1.0478857
       5.6730795       1.5603371
       5.6767931       1.4826887
       5.6805067       1.2867728
       5.6842203       0.4867610
       5.6879339       0.9026027
       5.6916475       1.3316587
       5.6953611       1.9205959
       5.6990747       1.9715239
       5.7027879       1.3185103
       5.7065015       0.4897506
       5.7102151       0.8528188
       5.7139287       0.6223608
       5.7176423       0.6659712
       5.7213559       0.8302401
       5.7250695       0.7850696
       5.7287831       0.7563066
       5.7324967       0.7052362
       5.7362099       1.1458237
       5.7399235       1.1934762
       5.7436371       0.8156971
       5.7473507       1.2351232
       5.7510643       0.9600250
       5.7547779       1.0039968
       5.7584915       1.2764950
       5.7622051       1.0152481
       5.7659187       0.5284400
       5.7696323       0.4298128
       5.7733455       0.6073133
       5.7770591       0.9681062
       5.7807727       1.4186015
       5.7844863       0.7236623
       5.7881999       0.9691253
       5.7919135       1.0029113
       5.7956271       0.8953846
       5.7993407       0.9425559
       5.8030543       0.8569749
       5.8067679       0.7743738
       5.8104811       0.9287160
       5.8141947       0.8418217
       5.8179083       0.8723658
       5.8216219       0.7697533
       5.8253355       0.9370613
       5.8290491       0.8212203
       5.8327627       0.7673206
       5.8364763       0.6870859
       5.8401899       0.7955285
       5.8439031       0.7593469
       5.8476167       0.9708759
       5.8513303       1.0782537
       5.8550439       1.4784430
       5.8587575       0.7063280
       5.8624711       1.1621102
       5.8661847       1.0284418
       5.8698983       0.4558393
       5.8736119       0.9881542
       5.8773255       1.1593223
       5.8810387       0.7489657
       5.8847523       1.1761119
       5.8884659       1.2623255
       5.8921795       1.2147646
       5.8958931       1.1755735
       5.8996067       1.0774834
       5.9033203       1.0463068
       5.9070339       0.6635110
       5.9107475       0.5204263
       5.9144611       0.9536705
       5.9181743       0.8477911
       5.9218879       0.7663027
       5.9256015       0.7940564
       5.9293151       0.8326162
       5.9330287       0.8503925
       5.9367423       1.5534506
       5.9404559       1.1807672
       5.9441695       0.5884204
       5.9478831       0.7321816
       5.9515963       0.9975895
       5.9553099       0.5878636
       5.9590235       0.8590697
       5.9627371       0.5170900
       5.9664507       0.5992035
       5.9701643       0.8081752
       5.9738779       0.5931067
       5.9775915       0.6244128
       5.9813051       0.7349158
       5.9850187       0.7722519
       5.9887319       0.6932229
       5.9924455       1.1226475
       5.9961591       1.0597299
       5.9998727       1.2693825
       6.0035863       0.6967244
       6.0072999       0.9265226
       6.0110135       1.1600355
       6.0147271       0.8364645
       6.0184407       0.7832788
       6.0221543       0.6908415
       6.0258675       0.7405310
       6.0295811       1.0756797
       6.0332947       0.9047373
       6.0370083       0.8069842
       6.0407219       0.6523929
       6.0444355       0.2686288
       6.0481491       0.7248909
       6.0518627       0.7870432
       6.0555763       0.5700212
       6.0592895       0.9816498
       6.0630031       1.1853977
       6.0667167       0.9392689
       6.0704303       0.6468161
       6.0741439       0.7288294
       6.0778575       0.9653645
       6.0815711       1.2589527
       6.0852847       0.8908046
       6.0889983       0.5919163
       6.0927119       0.5594758
       6.0964251       0.8747963
       6.1001387       1.2089846
       6.1038523       0.9259449
       6.1075659       1.2629086
       6.1112795       1.1606381
       6.1149931       0.6206552
       6.1187067       1.0546114
       6.1224203       0.8642730
       6.1261339       0.8524631
       6.1298475       0.8635690
       6.1335607       0.9297184
       6.1372743       1.1905210
       6.1409879       0.9432015
       6.1447015       0.9029662
       6.1484151       1.1104567
       6.1521287       0.9302393
       6.1558423       1.0409820
       6.1595559       1.1219805
       6.1632695       1.3199903
       6.1669831       1.1418855
       6.1706963       1.2796268
       6.1744099       1.0082096
       6.1781235       0.6411626
       6.1818371       0.9145705
       6.1855507       0.8430093
       6.1892643       0.4474342
       6.1929779       0.5334277
       6.1966915       0.6726162
       6.2004051       0.5938231
       6.2041183       0.7031253
       6.2078319       1.0609127
       6.2115455       0.8885555
       6.2152591       1.1242632
       6.2189727       0.9213912
       6.2226863       0.9047993
       6.2263999       1.0874407
       6.2301135       1.0728527
       6.2338271       0.7174898
       6.2375407       0.8452402
       6.2412539       0.6822879
       6.2449675       0.7249491
       6.2486811       0.9966189
       6.2523947       0.6013728
       6.2561083       0.4038027
       6.2598219       0.8097528
       6.2635355       0.8846668
       6.2672491       0.8094913
       6.2709627       0.5913761
       6.2746763       0.4319359
       6.2783895       1.0149302
       6.2821031       1.4528818
       6.2858167       0.9657671
       6.2895303       0.9091951
       6.2932439       1.2837971
       6.2969575       0.6647382
       6.3006711       0.7038643
       6.3043847       1.0506676
       6.3080983       0.8500309
       6.3118114       1.0129631
       6.3155251       1.2873913
       6.3192387       0.9929461
       6.3229523       1.2075478
       6.3266659       0.8957224
       6.3303795       0.5804514
       6.3340931       0.8775734
       6.3378067       0.6097954
       6.3415203       0.6187009
       6.3452339       0.7929808
       6.3489470       1.1061842
       6.3526607       0.6014781
       6.3563743       0.7363508
       6.3600879       1.0302966
       6.3638015       1.7621269
       6.3675151       1.2426798
       6.3712287       1.3198812
       6.3749423       0.9192911
       6.3786559       0.5149451
       6.3823695       0.5297310
       6.3860826       0.5295872
       6.3897963       1.1412966
       6.3935099       0.8327174
       6.3972235       0.5926775
       6.4009371       0.6721815
       6.4046507       0.6757560
       6.4083643       1.0424207
       6.4120779       1.3334816
       6.4157915       1.5995800
       6.4195046       1.5474764
       6.4232183       0.9915466
       6.4269319       0.7653031
       6.4306455       1.1050669
       6.4343591       1.5288954
       6.4380727       1.9115953
       6.4417863       1.4092711
       6.4454999       1.3298270
       6.4492135       1.8549324
       6.4529271       1.4270891
       6.4566402       0.8358653
       6.4603539       0.7878598
       6.4640675       0.7666274
       6.4677811       0.8956871
       6.4714947       1.0562799
       6.4752083       0.7283016
       6.4789219       0.7422798
       6.4826355       0.8434820
       6.4863491       1.6178252
       6.4900627       1.6227558
       6.4937758       1.0772446
       6.4974895       1.0213015
       6.5012031       0.9965192
       6.5049167       1.0549746
       6.5086303       1.0447814
       6.5123439       0.6603410
       6.5160575       0.7794616
       6.5197711       0.9709360
       6.5234847       0.8211120
       6.5271978       0.6349990
       6.5309114       0.9535000
       6.5346251       0.9275223
       6.5383387       0.9351686
       6.5420523       1.0956663
       6.5457659       0.8162864
       6.5494795       0.6441811
       6.5531931       0.8470461
       6.5569067       1.1130509
       6.5606203       1.0515380
       6.5643334       0.8529833
       6.5680470       0.8956403
       6.5717607       0.8327554
       6.5754743       0.8321897
       6.5791879       0.5614378
       6.5829015       0.3974353
       6.5866151       0.4237808
       6.5903287       0.8415143
       6.5940423       1.1535563
       6.5977559       0.8407900
       6.6014690       0.7952746
       6.6051826       0.6153319
       6.6088963       1.0490553
       6.6126099       1.3610295
       6.6163235       0.8334289
       6.6200371       0.7196192
       6.6237507       0.8356667
       6.6274643       1.0582170
       6.6311779       1.1001300
       6.6348910       1.4175613
       6.6386046       1.1970643
       6.6423182       0.7397729
       6.6460319       1.0000184
       6.6497455       1.3024514
       6.6534591       0.7913318
       6.6571727       1.3388683
       6.6608863       0.7859298
       6.6645999       0.5113242
       6.6683135       1.0003231
       6.6720266       1.3268359
       6.6757402       1.6461252
       6.6794538       0.7469204
       6.6831675       0.8313547
       6.6868811       1.6353458
       6.6905947       1.6283052
       6.6943083       0.7957503
       6.6980219       0.8325483
       6.7017355       0.6535239
       6.7054491       0.6988846
       6.7091622       0.7613489
       6.7128758       1.5742917
       6.7165895       1.7683136
       6.7203031       1.3345773
       6.7240167       0.7175336
       6.7277303       0.5612962
       6.7314439       0.8199425
       6.7351575       1.1490257
       6.7388711       1.6378219
       6.7425842       1.4460121
       6.7462978       1.0866241
       6.7500114       1.1247966
       6.7537251       0.7583774
       6.7574387       0.8620629
       6.7611523       1.3833956
       6.7648659       0.9552860
       6.7685795       0.7772335
       6.7722931       0.8010882
       6.7760067       0.9063309
       6.7797198       0.6680087
       6.7834334       0.4918453
       6.7871470       1.0555627
       6.7908607       1.9347670
       6.7945743       1.4391255
       6.7982879       0.3956777
       6.8020015       0.5411243
       6.8057151       1.2910640
       6.8094287       1.3076915
       6.8131423       0.7388588
       6.8168554       0.9603847
       6.8205690       0.6441067
       6.8242826       0.7115549
       6.8279963       1.2311250
       6.8317099       1.2512283
       6.8354235       1.0923016
       6.8391371       1.7319801
       6.8428507       2.4278560
       6.8465643       1.2905889
       6.8502774       0.9050644
       6.8539910       0.7343799
       6.8577046       1.0386549
       6.8614182       1.2803574
       6.8651319       1.0600936
       6.8688455       0.9005245
       6.8725591       1.2559254
       6.8762727       0.7662150
       6.8799863       0.7813691
       6.8836999       1.2876146
       6.8874130       1.2907262
       6.8911266       0.5944805
       6.8948402       1.1251787
       6.8985538       1.3163735
       6.9022675       0.9827835
       6.9059811       0.7142978
       6.9096947       0.6360115
       6.9134083       0.6858517
       6.9171219       0.9281696
       6.9208355       0.9202734
       6.9245486       0.8470160
       6.9282622       1.1014206
       6.9319758       0.7699271
       6.9356894       0.7845412
       6.9394031       1.5292215
       6.9431167       1.0676458
       6.9468303       0.8217845
       6.9505439       0.5722691
       6.9542575       0.5295120
       6.9579711       1.2320621
       6.9616842       1.5336301
       6.9653978       2.1233964
       6.9691114       1.4051722
       6.9728251       0.6250988
       6.9765387       1.0807135
       6.9802523       1.0902092
       6.9839659       0.9066015
       6.9876795       0.9295076
       6.9913931       1.0392699
       6.9951062       1.0949728
       6.9988198       0.7964797
       7.0025334       1.2411149
       7.0062470       1.2834202
       7.0099607       1.3187771
       7.0136743       1.4316952
       7.0173879       1.6649965
       7.0211015       1.5551524
       7.0248151       0.8956822
       7.0285287       0.7083581
       7.0322418       1.0965661
       7.0359554       0.5543602
       7.0396690       0.8667158
       7.0433826       1.2182658
       7.0470963       1.0049207
       7.0508099       1.3882475
       7.0545235       1.1168920
       7.0582371       0.8537158
       7.0619507       0.8080633
       7.0656643       0.6089085
       7.0693774       1.2210680
       7.0730910       1.5159171
       7.0768046       1.0762737
       7.0805182       1.2376134
       7.0842319       0.7607591
       7.0879455       0.9945707
       7.0916591       0.6634476
       7.0953727       1.8126888
       7.0990863       1.4811255
       7.1027994       1.4451525
       7.1065130       1.4913038
       7.1102266       0.9043912
       7.1139402       1.1650229
       7.1176538       1.1296473
       7.1213675       0.8129385
       7.1250811       0.9958242
       7.1287947       0.7444034
       7.1325083       1.0428457
       7.1362219       1.3404672
       7.1399350       1.3717340
       7.1436486       1.0766848
       7.1473622       0.7151288
       7.1510758       1.0378879
       7.1547894       0.6895832
       7.1585031       0.7493047
       7.1622167       1.1599900
       7.1659303       0.8594147
       7.1696439       1.0080427
       7.1733575       1.3993031
       7.1770706       2.1289952
       7.1807842       1.6729168
       7.1844978       1.3303086
       7.1882114       2.3103662
       7.1919250       1.5682878
       7.1956387       0.6269051
       7.1993523       0.6601337
       7.2030659       0.7629802
       7.2067795       0.4280409
       7.2104926       0.7285618
       7.2142062       1.5307306
       7.2179198       1.4761016
       7.2216334       0.6604573
       7.2253470       1.0619380
       7.2290606       1.2748029
       7.2327743       0.8488711
       7.2364879       1.0674000
       7.2402015       0.9568844
       7.2439151       0.7854542
       7.2476282       0.8718116
       7.2513418       0.4848565
       7.2550554       0.8208262
       7.2587690       0.5291836
       7.2624826       0.6216692
       7.2661963       0.6029719
       7.2699099       0.5061375
       7.2736235       1.0586451
       7.2773371       1.5126929
       7.2810507       1.1244667
       7.2847638       0.5814626
       7.2884774       1.1203133
       7.2921910       0.7549382
       7.2959046       0.5288699
       7.2996182       0.7900959
       7.3033319       0.8101572
       7.3070455       1.2714732
       7.3107591       1.2520257
       7.3144727       0.9869577
       7.3181858       1.1149406
       7.3218994       0.6821464
       7.3256130       1.0587146
       7.3293266       1.0811943
       7.3330402       0.9217275
       7.3367538       1.2585735
       7.3404675       1.5467556
       7.3441811       1.0087285
       7.3478947       1.1382090
       7.3516083       0.7749899
       7.3553214       0.6579184
       7.3590350       0.7442066
       7.3627486       0.6975906
       7.3664622       1.5186876
       7.3701758       1.2880527
       7.3738894       1.3212965
       7.3776031       1.6953208
       7.3813167       1.3974154
       7.3850303       1.3218156
       7.3887439       0.9067903
       7.3924570       1.1312897
       7.3961706       1.4436877
       7.3998842       1.2390325
       7.4035978       1.2830898
       7.4073114       1.1152060
       7.4110250       0.8432987
       7.4147387       0.8961803
       7.4184523       1.1693995
       7.4221659       1.4289602
       7.4258790       1.1332328
       7.4295926       0.6373399
       7.4333062       0.9698654
       7.4370198       1.1466775
       7.4407334       0.8466327
       7.4444470       1.1666257
       7.4481606       1.5609653
       7.4518743       1.2546358
       7.4555879       1.0590622
       7.4593015       0.9731162
       7.4630146       0.7327305
       7.4667282       0.4944980
       7.4704418       1.2141930
       7.4741554       1.5839787
       7.4778690       1.1246071
       7.4815826       0.9395296
       7.4852962       0.8583052
       7.4890099       0.7825370
       7.4927235       1.0572443
       7.4964371       0.9011992
       7.5001502       0.4285574
       7.5038638       0.5842768
       7.5075774       1.3112423
       7.5112910       1.5134985
       7.5150046       0.7769591
       7.5187182       0.5697462
       7.5224319       0.7229297
       7.5261455       0.8732774
       7.5298591       0.5615233
       7.5335722       1.1109927
       7.5372858       1.3128967
       7.5409994       0.7228147
       7.5447130       0.4645404
       7.5484266       0.8868195
       7.5521402       1.2828463
       7.5558538       1.2111194
       7.5595675       1.1312156
       7.5632811       1.2153699
       7.5669947       1.4393673
       7.5707078       1.0454046
       7.5744214       1.0197774
       7.5781350       0.8332266
       7.5818486       1.0538571
       7.5855622       1.3906195
       7.5892758       1.6520258
       7.5929894       0.8684319
       7.5967031       1.2126297
       7.6004167       1.4775546
       7.6041303       1.0729753
       7.6078434       0.9784325
       7.6115570       1.0941765
       7.6152706       1.0389591
       7.6189842       1.6934021
       7.6226978       1.5204715
       7.6264114       0.7279028
       7.6301250       1.2744510
       7.6338387       0.7481288
       7.6375523       0.5537074
       7.6412659       1.1577065
       7.6449790       1.2048849
       7.6486926       1.0730746
       7.6524062       1.2823341
       7.6561198       0.5552760
       7.6598334       0.5605974
       7.6635470       0.7476293
       7.6672606       0.8080114
       7.6709743       0.7255618
       7.6746879       0.9144030
       7.6784010       1.1538979
       7.6821146       1.0710080
       7.6858282       0.6417075
       7.6895418       0.8439909
       7.6932554       0.9027610
       7.6969690       0.5995208
       7.7006826       0.4836140
       7.7043962       0.9602221
       7.7081099       0.7685236
       7.7118235       0.5740166
       7.7155366       0.7858741
       7.7192502       1.1808313
       7.7229638       0.9036893
       7.7266774       0.7538169
       7.7303910       1.0089794
       7.7341046       1.1486458
       7.7378182       1.2983178
       7.7415318       0.9248422
       7.7452455       1.1058123
       7.7489591       0.9085672
       7.7526722       0.7959539
       7.7563858       0.5427041
       7.7600994       0.6206568
       7.7638130       1.3401712
       7.7675266       1.0551260
       7.7712402       0.7030392
       7.7749538       0.7799394
       7.7786674       0.8237516
       7.7823811       0.8323349
       7.7860942       0.7342213
       7.7898078       1.1045663
       7.7935214       1.2392076
       7.7972350       1.8518314
       7.8009486       1.6833931
       7.8046622       0.9997103
       7.8083758       0.9038967
       7.8120894       1.1816661
       7.8158031       1.0587437
       7.8195167       0.8718835
       7.8232298       0.4647847
       7.8269434       0.8558301
       7.8306570       1.1293750
       7.8343706       1.1304263
       7.8380842       1.3502913
       7.8417978       0.7352498
       7.8455114       0.8906587
       7.8492250       1.1392529
       7.8529387       1.0780475
       7.8566523       1.0905136
       7.8603654       0.8473337
       7.8640790       0.5219206
       7.8677926       0.9936781
       7.8715062       1.0714984
       7.8752198       1.2760268
       7.8789334       0.5450471
       7.8826470       0.2787129
       7.8863606       0.3421447
       7.8900743       0.9550284
       7.8937874       1.1219691
       7.8975010       1.0532811
       7.9012146       1.0842981
       7.9049282       1.2676616
       7.9086418       1.1470743
       7.9123554       1.2006142
       7.9160690       1.5449234
       7.9197826       1.4385064
       7.9234962       0.8949755
       7.9272099       1.4171435
       7.9309230       1.8738453
       7.9346366       0.9351331
       7.9383502       0.7925721
       7.9420638       0.6595491
       7.9457774       1.1188161
       7.9494910       0.8172585
       7.9532046       0.7667917
       7.9569182       0.8735277
       7.9606318       1.3843775
       7.9643455       0.9898973
       7.9680586       0.9334443
       7.9717722       0.9724318
       7.9754858       1.0343392
       7.9791994       1.1518834
       7.9829130       0.9329853
       7.9866266       1.0869344
       7.9903402       0.8618408
       7.9940538       0.9317330
       7.9977674       1.2644284
