#         w(THz)       w(meV)            Z(w)
        0.00000        0.00000        0.25417
        0.97656        4.03808        0.32453
        1.95312        8.07616        0.50594
        2.92968       12.11423        0.78687
        3.90624       16.15231        1.17885
        4.88280       20.19039        1.46348
        5.85936       24.22847        1.64960
        6.83592       28.26655        1.93814
        7.81248       32.30463        2.03069
        8.78904       36.34270        1.90958
        9.76560       40.38078        1.84720
       10.74217       44.41886        1.74325
       11.71873       48.45694        1.54911
       12.69529       52.49502        1.36956
       13.67185       56.53309        1.26986
       14.64841       60.57117        1.23244
       15.62497       64.60925        1.22551
       16.60153       68.64732        1.20298
       17.57809       72.68540        1.16161
       18.55465       76.72348        1.15258
       19.53121       80.76156        1.12061
       20.50777       84.79964        1.13555
       21.48433       88.83772        1.21185
       22.46089       92.87579        1.23656
       23.43745       96.91388        1.31798
       24.41401      100.95196        1.43344
       25.39058      104.99004        1.48934
       26.36714      109.02811        1.55479
       27.34370      113.06618        1.55003
       28.32026      117.10427        1.45034
       29.29682      121.14234        1.37659
       30.27338      125.18042        1.31062
       31.24994      129.21851        1.21552
       32.22650      133.25658        1.08023
       33.20306      137.29465        0.91784
       34.17962      141.33273        0.81083
       35.15618      145.37080        0.71556
       36.13274      149.40889        0.59951
       37.10930      153.44696        0.53113
       38.08586      157.48503        0.46749
       39.06242      161.52312        0.39471
       40.03898      165.56120        0.35478
       41.01554      169.59927        0.33547
       41.99210      173.63736        0.32354
       42.96866      177.67543        0.29542
       43.94522      181.71352        0.26950
       44.92178      185.75159        0.25791
       45.89835      189.78966        0.24485
       46.87491      193.82776        0.24144
       47.85147      197.86583        0.22085
       48.82803      201.90392        0.21012
       49.80459      205.94199        0.22208
       50.78115      209.98007        0.20126
       51.75771      214.01813        0.18637
       52.73427      218.05621        0.18118
       53.71083      222.09428        0.15864
       54.68739      226.13237        0.14506
       55.66395      230.17044        0.12746
       56.64051      234.20854        0.10295
       57.61707      238.24658        0.08498
       58.59363      242.28468        0.07474
       59.57019      246.32275        0.06283
       60.54675      250.36084        0.04944
       61.52331      254.39891        0.05138
       62.49987      258.43701        0.05419
       63.47644      262.47507        0.04434
       64.45300      266.51315        0.03121
       65.42956      270.55124        0.02814
       66.40611      274.58929        0.02781
       67.38268      278.62738        0.02383
       68.35924      282.66547        0.02419
       69.33580      286.70355        0.02164
       70.31236      290.74161        0.01924
       71.28892      294.77969        0.01904
       72.26548      298.81778        0.01876
       73.24204      302.85587        0.01694
       74.21860      306.89392        0.01508
       75.19516      310.93201        0.01597
       76.17172      314.97006        0.01283
       77.14828      319.00815        0.01275
       78.12484      323.04623        0.01285
       79.10140      327.08429        0.01140
       80.07796      331.12241        0.00864
       81.05453      335.16049        0.00695
       82.03108      339.19855        0.01123
       83.00764      343.23663        0.00689
       83.98421      347.27472        0.00685
       84.96077      351.31281        0.00877
       85.93732      355.35086        0.00579
       86.91389      359.38895        0.00909
       87.89045      363.42703        0.00859
       88.86701      367.46512        0.00973
       89.84357      371.50317        0.00940
       90.82013      375.54123        0.00797
       91.79669      379.57932        0.00944
       92.77325      383.61740        0.00786
       93.74982      387.65552        0.00811
       94.72637      391.69354        0.00628
       95.70293      395.73166        0.00698
       96.67950      399.76974        0.00664
       97.65606      403.80783        0.00392
       98.63261      407.84589        0.00506
       99.60918      411.88397        0.00363
      100.58574      415.92206        0.00268
      101.56230      419.96014        0.00270
      102.53885      423.99817        0.00259
      103.51542      428.03625        0.00150
      104.49198      432.07434        0.00217
      105.46854      436.11243        0.00394
      106.44509      440.15048        0.00270
      107.42165      444.18857        0.00247
      108.39822      448.22665        0.00146
      109.37479      452.26474        0.00258
      110.35135      456.30286        0.00359
      111.32790      460.34088        0.00224
      112.30446      464.37900        0.00252
      113.28102      468.41708        0.00304
      114.25758      472.45517        0.00274
      115.23414      476.49316        0.00123
      116.21070      480.53128        0.00197
      117.18726      484.56937        0.00177
      118.16383      488.60745        0.00176
      119.14038      492.64551        0.00279
      120.11694      496.68359        0.00162
      121.09351      500.72168        0.00200
      122.07007      504.75977        0.00139
      123.04662      508.79782        0.00127
      124.02319      512.83594        0.00121
      124.99975      516.87402        0.00086
      125.97631      520.91211        0.00169
      126.95287      524.95013        0.00156
      127.92943      528.98822        0.00180
      128.90599      533.02631        0.00060
      129.88255      537.06439        0.00078
      130.85912      541.10248        0.00155
      131.83566      545.14050        0.00142
      132.81223      549.17859        0.00153
      133.78879      553.21667        0.00077
      134.76535      557.25476        0.00109
      135.74191      561.29285        0.00070
      136.71848      565.33093        0.00083
      137.69504      569.36902        0.00087
      138.67160      573.40710        0.00073
      139.64815      577.44513        0.00134
      140.62471      581.48322        0.00105
      141.60127      585.52130        0.00127
      142.57784      589.55939        0.00114
      143.55440      593.59747        0.00132
      144.53096      597.63556        0.00087
      145.50752      601.67365        0.00067
      146.48409      605.71173        0.00082
      147.46065      609.74982        0.00076
      148.43719      613.78784        0.00159
      149.41376      617.82593        0.00090
      150.39032      621.86401        0.00086
      151.36688      625.90210        0.00049
      152.34344      629.94012        0.00021
      153.32001      633.97821        0.00047
      154.29657      638.01630        0.00005
      155.27313      642.05444        0.00071
      156.24968      646.09247        0.00049
      157.22624      650.13055        0.00090
      158.20280      654.16858        0.00076
      159.17937      658.20673        0.00055
      160.15593      662.24481        0.00072
      161.13249      666.28290        0.00037
      162.10905      670.32098        0.00099
      163.08562      674.35907        0.00034
      164.06216      678.39709        0.00066
      165.03874      682.43524        0.00052
      166.01529      686.47327        0.00039
      166.99184      690.51135        0.00085
      167.96841      694.54944        0.00013
      168.94496      698.58746        0.00063
      169.92154      702.62561        0.00029
      170.89809      706.66364        0.00051
      171.87465      710.70172        0.00065
      172.85123      714.73981        0.00060
      173.82777      718.77789        0.00091
      174.80435      722.81598        0.00054
      175.78090      726.85406        0.00109
      176.75745      730.89209        0.00065
      177.73402      734.93024        0.00083
      178.71057      738.96826        0.00068
      179.68713      743.00635        0.00059
      180.66370      747.04443        0.00098
      181.64026      751.08246        0.00042
      182.61682      755.12061        0.00088
      183.59338      759.15863        0.00049
      184.56993      763.19672        0.00073
      185.54651      767.23480        0.00068
      186.52306      771.27289        0.00059
      187.49963      775.31104        0.00089
      188.47618      779.34912        0.00036
      189.45274      783.38708        0.00093
      190.42931      787.42529        0.00052
      191.40587      791.46332        0.00074
      192.38242      795.50140        0.00070
      193.35899      799.53949        0.00046
      194.33554      803.57745        0.00090
      195.31212      807.61566        0.00042
      196.28867      811.65369        0.00085
      197.26523      815.69177        0.00054
      198.24179      819.72986        0.00079
      199.21835      823.76794        0.00081
      200.19490      827.80597        0.00059
      201.17148      831.84412        0.00091
      202.14803      835.88214        0.00053
      203.12460      839.92029        0.00087
      204.10115      843.95831        0.00043
      205.07770      847.99634        0.00066
      206.05428      852.03448        0.00057
      207.03084      856.07251        0.00045
      208.00740      860.11066        0.00080
      208.98396      864.14868        0.00033
      209.96051      868.18677        0.00081
      210.93709      872.22485        0.00040
      211.91364      876.26294        0.00062
      212.89018      880.30096        0.00059
      213.86676      884.33911        0.00040
