#  t(ps)         C_r(t)       C_v(t)
     0.000        0.00000       24.88321
     0.005        0.00062       24.87399
     0.010        0.00249       24.72284
     0.015        0.00559       24.47419
     0.020        0.00992       24.13169
     0.025        0.01545       23.70028
     0.030        0.02217       23.18601
     0.035        0.03004       22.59587
     0.040        0.03905       21.93759
     0.045        0.04916       21.21943
     0.050        0.06033       20.45001
     0.055        0.07253       19.63810
     0.060        0.08571       18.79250
     0.065        0.09984       17.92187
     0.070        0.11487       17.03461
     0.075        0.13075       16.13874
     0.080        0.14744       15.24185
     0.085        0.16491       14.35101
     0.090        0.18309       13.47269
     0.095        0.20194       12.61273
     0.100        0.22144       11.77633
     0.105        0.24152       10.96797
     0.110        0.26215       10.19147
     0.115        0.28329        9.44992
     0.120        0.30490        8.74576
     0.125        0.32695        8.08079
     0.130        0.34941        7.45617
     0.135        0.37223        6.87254
     0.140        0.39540        6.32999
     0.145        0.41888        5.82820
     0.150        0.44265        5.36640
     0.155        0.46668        4.94351
     0.160        0.49096        4.55814
     0.165        0.51546        4.20863
     0.170        0.54017        3.89315
     0.175        0.56507        3.60967
     0.180        0.59014        3.35607
     0.185        0.61537        3.13011
     0.190        0.64076        2.92953
     0.195        0.66628        2.75204
     0.200        0.69193        2.59536
     0.205        0.71769        2.45728
     0.210        0.74357        2.33566
     0.215        0.76956        2.22845
     0.220        0.79564        2.13374
     0.225        0.82182        2.04974
     0.230        0.84809        1.97480
     0.235        0.87444        1.90745
     0.240        0.90087        1.84635
     0.245        0.92739        1.79031
     0.250        0.95398        1.73830
     0.255        0.98066        1.68947
     0.260        1.00740        1.64306
     0.265        1.03423        1.59848
     0.270        1.06112        1.55525
     0.275        1.08810        1.51299
     0.280        1.11514        1.47141
     0.285        1.14226        1.43032
     0.290        1.16945        1.38955
     0.295        1.19671        1.34902
     0.300        1.22404        1.30869
     0.305        1.25143        1.26857
     0.310        1.27890        1.22871
     0.315        1.30643        1.18918
     0.320        1.33403        1.15011
     0.325        1.36169        1.11165
     0.330        1.38941        1.07397
     0.335        1.41718        1.03723
     0.340        1.44501        1.00162
     0.345        1.47289        0.96729
     0.350        1.50081        0.93440
     0.355        1.52879        0.90305
     0.360        1.55680        0.87333
     0.365        1.58486        0.84528
     0.370        1.61296        0.81892
     0.375        1.64110        0.79424
     0.380        1.66928        0.77116
     0.385        1.69749        0.74963
     0.390        1.72574        0.72954
     0.395        1.75402        0.71078
     0.400        1.78234        0.69324
     0.405        1.81070        0.67681
     0.410        1.83909        0.66138
     0.415        1.86752        0.64686
     0.420        1.89599        0.63315
     0.425        1.92449        0.62017
     0.430        1.95303        0.60784
     0.435        1.98160        0.59609
     0.440        2.01021        0.58484
     0.445        2.03885        0.57402
     0.450        2.06753        0.56356
     0.455        2.09625        0.55341
     0.460        2.12500        0.54350
     0.465        2.15379        0.53379
     0.470        2.18261        0.52422
     0.475        2.21146        0.51476
     0.480        2.24035        0.50535
     0.485        2.26927        0.49594
     0.490        2.29822        0.48649
     0.495        2.32720        0.47693
     0.500        2.35621        0.46721
     0.505        2.38525        0.45727
     0.510        2.41431        0.44708
     0.515        2.44341        0.43658
     0.520        2.47253        0.42577
     0.525        2.50167        0.41461
     0.530        2.53084        0.40311
     0.535        2.56003        0.39128
     0.540        2.58925        0.37913
     0.545        2.61848        0.36668
     0.550        2.64773        0.35398
     0.555        2.67700        0.34105
     0.560        2.70629        0.32795
     0.565        2.73558        0.31472
     0.570        2.76489        0.30144
     0.575        2.79421        0.28816
     0.580        2.82353        0.27495
     0.585        2.85286        0.26188
     0.590        2.88218        0.24901
     0.595        2.91151        0.23641
     0.600        2.94084        0.22413
     0.605        2.97017        0.21220
     0.610        2.99950        0.20067
     0.615        3.02884        0.18957
     0.620        3.05817        0.17891
     0.625        3.08751        0.16870
     0.630        3.11685        0.15896
     0.635        3.14621        0.14968
     0.640        3.17556        0.14087
     0.645        3.20493        0.13252
     0.650        3.23431        0.12464
     0.655        3.26370        0.11720
     0.660        3.29310        0.11020
     0.665        3.32252        0.10364
     0.670        3.35194        0.09749
     0.675        3.38137        0.09176
     0.680        3.41082        0.08643
     0.685        3.44028        0.08149
     0.690        3.46974        0.07694
     0.695        3.49922        0.07276
     0.700        3.52871        0.06896
     0.705        3.55820        0.06553
     0.710        3.58770        0.06245
     0.715        3.61721        0.05971
     0.720        3.64672        0.05729
     0.725        3.67624        0.05515
     0.730        3.70577        0.05326
     0.735        3.73531        0.05156
     0.740        3.76485        0.04999
     0.745        3.79439        0.04851
     0.750        3.82394        0.04704
     0.755        3.85350        0.04555
     0.760        3.88306        0.04398
     0.765        3.91263        0.04231
     0.770        3.94220        0.04053
     0.775        3.97178        0.03865
     0.780        4.00136        0.03668
     0.785        4.03095        0.03468
     0.790        4.06054        0.03270
     0.795        4.09013        0.03078
     0.800        4.11973        0.02899
     0.805        4.14933        0.02738
     0.810        4.17893        0.02601
     0.815        4.20854        0.02490
     0.820        4.23816        0.02410
     0.825        4.26778        0.02361
     0.830        4.29741        0.02347
     0.835        4.32704        0.02367
     0.840        4.35669        0.02423
     0.845        4.38634        0.02513
     0.850        4.41601        0.02637
     0.855        4.44568        0.02796
     0.860        4.47536        0.02985
     0.865        4.50506        0.03204
     0.870        4.53476        0.03450
     0.875        4.56447        0.03717
     0.880        4.59419        0.04002
     0.885        4.62392        0.04299
     0.890        4.65367        0.04604
     0.895        4.68342        0.04910
     0.900        4.71319        0.05212
     0.905        4.74297        0.05505
     0.910        4.77277        0.05784
     0.915        4.80258        0.06043
     0.920        4.83241        0.06276
     0.925        4.86225        0.06481
     0.930        4.89211        0.06651
     0.935        4.92199        0.06782
     0.940        4.95188        0.06873
     0.945        4.98180        0.06920
     0.950        5.01172        0.06922
     0.955        5.04167        0.06881
     0.960        5.07162        0.06799
     0.965        5.10159        0.06678
     0.970        5.13157        0.06524
     0.975        5.16156        0.06341
     0.980        5.19156        0.06135
     0.985        5.22156        0.05913
     0.990        5.25156        0.05680
     0.995        5.28157        0.05443
     1.000        5.31158        0.05208
     1.005        5.34159        0.04979
     1.010        5.37159        0.04762
     1.015        5.40159        0.04560
     1.020        5.43159        0.04378
     1.025        5.46158        0.04217
     1.030        5.49157        0.04079
     1.035        5.52156        0.03965
     1.040        5.55154        0.03875
     1.045        5.58152        0.03808
     1.050        5.61150        0.03762
     1.055        5.64149        0.03736
     1.060        5.67147        0.03728
     1.065        5.70146        0.03736
     1.070        5.73146        0.03757
     1.075        5.76146        0.03788
     1.080        5.79147        0.03827
     1.085        5.82149        0.03868
     1.090        5.85152        0.03909
     1.095        5.88156        0.03946
     1.100        5.91161        0.03977
     1.105        5.94167        0.03998
     1.110        5.97174        0.04008
     1.115        6.00182        0.04007
     1.120        6.03191        0.03993
     1.125        6.06201        0.03969
     1.130        6.09212        0.03934
     1.135        6.12223        0.03891
     1.140        6.15234        0.03842
     1.145        6.18247        0.03787
     1.150        6.21259        0.03728
     1.155        6.24272        0.03665
     1.160        6.27284        0.03596
     1.165        6.30297        0.03522
     1.170        6.33311        0.03440
     1.175        6.36324        0.03348
     1.180        6.39337        0.03244
     1.185        6.42351        0.03128
     1.190        6.45365        0.02999
     1.195        6.48379        0.02857
     1.200        6.51394        0.02704
     1.205        6.54409        0.02541
     1.210        6.57424        0.02370
     1.215        6.60440        0.02192
     1.220        6.63457        0.02008
     1.225        6.66474        0.01819
     1.230        6.69491        0.01626
     1.235        6.72509        0.01431
     1.240        6.75528        0.01236
     1.245        6.78547        0.01045
     1.250        6.81566        0.00861
     1.255        6.84586        0.00688
     1.260        6.87607        0.00532
     1.265        6.90628        0.00398
     1.270        6.93650        0.00291
     1.275        6.96672        0.00216
     1.280        6.99695        0.00177
     1.285        7.02719        0.00175
     1.290        7.05743        0.00213
     1.295        7.08768        0.00291
     1.300        7.11794        0.00406
     1.305        7.14821        0.00557
     1.310        7.17849        0.00741
     1.315        7.20878        0.00955
     1.320        7.23908        0.01196
     1.325        7.26938        0.01460
     1.330        7.29970        0.01742
     1.335        7.33003        0.02040
     1.340        7.36037        0.02351
     1.345        7.39073        0.02672
     1.350        7.42109        0.03001
     1.355        7.45147        0.03335
     1.360        7.48186        0.03672
     1.365        7.51226        0.04009
     1.370        7.54267        0.04344
     1.375        7.57310        0.04672
     1.380        7.60354        0.04989
     1.385        7.63399        0.05290
     1.390        7.66445        0.05570
     1.395        7.69493        0.05822
     1.400        7.72543        0.06040
     1.405        7.75593        0.06220
     1.410        7.78646        0.06357
     1.415        7.81699        0.06446
     1.420        7.84755        0.06485
     1.425        7.87811        0.06473
     1.430        7.90870        0.06411
     1.435        7.93929        0.06300
     1.440        7.96991        0.06145
     1.445        8.00053        0.05950
     1.450        8.03117        0.05721
     1.455        8.06182        0.05464
     1.460        8.09248        0.05186
     1.465        8.12315        0.04892
     1.470        8.15383        0.04588
     1.475        8.18452        0.04278
     1.480        8.21521        0.03967
     1.485        8.24590        0.03656
     1.490        8.27660        0.03350
     1.495        8.30730        0.03048
     1.500        8.33799        0.02753
     1.505        8.36869        0.02465
     1.510        8.39938        0.02181
     1.515        8.43007        0.01900
     1.520        8.46075        0.01621
     1.525        8.49143        0.01339
     1.530        8.52211        0.01053
     1.535        8.55278        0.00760
     1.540        8.58345        0.00460
     1.545        8.61411        0.00152
     1.550        8.64476       -0.00161
     1.555        8.67542       -0.00477
     1.560        8.70607       -0.00792
     1.565        8.73672       -0.01101
     1.570        8.76737       -0.01399
     1.575        8.79802       -0.01681
     1.580        8.82867       -0.01943
     1.585        8.85932       -0.02182
     1.590        8.88997       -0.02396
     1.595        8.92063       -0.02584
     1.600        8.95129       -0.02746
     1.605        8.98195       -0.02884
     1.610        9.01262       -0.03002
     1.615        9.04329       -0.03101
     1.620        9.07396       -0.03187
     1.625        9.10464       -0.03262
     1.630        9.13532       -0.03330
     1.635        9.16600       -0.03392
     1.640        9.19669       -0.03450
     1.645        9.22738       -0.03506
     1.650        9.25807       -0.03557
     1.655        9.28877       -0.03604
     1.660        9.31947       -0.03646
     1.665        9.35018       -0.03681
     1.670        9.38089       -0.03707
     1.675        9.41160       -0.03723
     1.680        9.44231       -0.03728
     1.685        9.47303       -0.03721
     1.690        9.50376       -0.03703
     1.695        9.53449       -0.03674
     1.700        9.56522       -0.03637
     1.705        9.59596       -0.03594
     1.710        9.62671       -0.03547
     1.715        9.65747       -0.03498
     1.720        9.68823       -0.03451
     1.725        9.71900       -0.03407
     1.730        9.74977       -0.03367
     1.735        9.78056       -0.03331
     1.740        9.81135       -0.03298
     1.745        9.84216       -0.03265
     1.750        9.87296       -0.03229
     1.755        9.90378       -0.03185
     1.760        9.93460       -0.03127
     1.765        9.96542       -0.03051
     1.770        9.99625       -0.02952
     1.775       10.02708       -0.02824
     1.780       10.05791       -0.02666
     1.785       10.08874       -0.02476
     1.790       10.11957       -0.02254
     1.795       10.15040       -0.02002
     1.800       10.18122       -0.01726
     1.805       10.21204       -0.01429
     1.810       10.24286       -0.01119
     1.815       10.27367       -0.00802
     1.820       10.30447       -0.00486
     1.825       10.33526       -0.00177
     1.830       10.36604        0.00119
     1.835       10.39682        0.00396
     1.840       10.42759        0.00649
     1.845       10.45834        0.00875
     1.850       10.48909        0.01072
     1.855       10.51983        0.01237
     1.860       10.55056        0.01370
     1.865       10.58128        0.01471
     1.870       10.61199        0.01540
     1.875       10.64269        0.01578
     1.880       10.67338        0.01590
     1.885       10.70406        0.01578
     1.890       10.73474        0.01547
     1.895       10.76539        0.01502
     1.900       10.79604        0.01448
     1.905       10.82668        0.01391
     1.910       10.85730        0.01333
     1.915       10.88791        0.01280
     1.920       10.91850        0.01232
     1.925       10.94908        0.01190
     1.930       10.97966        0.01153
     1.935       11.01022        0.01120
     1.940       11.04077        0.01089
     1.945       11.07132        0.01057
     1.950       11.10186        0.01022
     1.955       11.13239        0.00981
     1.960       11.16291        0.00933
     1.965       11.19344        0.00877
     1.970       11.22396        0.00811
     1.975       11.25447        0.00734
     1.980       11.28498        0.00645
     1.985       11.31549        0.00544
     1.990       11.34600        0.00433
     1.995       11.37651        0.00310
     2.000       11.40702        0.00180
     2.005       11.43753        0.00043
     2.010       11.46804       -0.00098
     2.015       11.49855       -0.00241
     2.020       11.52907       -0.00386
     2.025       11.55959       -0.00533
     2.030       11.59012       -0.00682
     2.035       11.62065       -0.00837
     2.040       11.65118       -0.01002
     2.045       11.68172       -0.01179
     2.050       11.71226       -0.01374
     2.055       11.74281       -0.01591
     2.060       11.77336       -0.01832
     2.065       11.80391       -0.02102
     2.070       11.83447       -0.02400
     2.075       11.86503       -0.02730
     2.080       11.89559       -0.03089
     2.085       11.92616       -0.03477
     2.090       11.95673       -0.03893
     2.095       11.98731       -0.04333
     2.100       12.01789       -0.04795
     2.105       12.04847       -0.05272
     2.110       12.07906       -0.05761
     2.115       12.10966       -0.06255
     2.120       12.14026       -0.06747
     2.125       12.17086       -0.07232
     2.130       12.20146       -0.07703
     2.135       12.23207       -0.08153
     2.140       12.26267       -0.08578
     2.145       12.29328       -0.08971
     2.150       12.32388       -0.09329
     2.155       12.35448       -0.09648
     2.160       12.38508       -0.09925
     2.165       12.41567       -0.10157
     2.170       12.44625       -0.10342
     2.175       12.47683       -0.10480
     2.180       12.50740       -0.10568
     2.185       12.53796       -0.10608
     2.190       12.56851       -0.10598
     2.195       12.59905       -0.10542
     2.200       12.62958       -0.10442
     2.205       12.66010       -0.10302
     2.210       12.69061       -0.10128
     2.215       12.72111       -0.09927
     2.220       12.75160       -0.09705
     2.225       12.78207       -0.09470
     2.230       12.81254       -0.09227
     2.235       12.84299       -0.08981
     2.240       12.87344       -0.08737
     2.245       12.90387       -0.08498
     2.250       12.93429       -0.08266
     2.255       12.96469       -0.08043
     2.260       12.99508       -0.07829
     2.265       13.02546       -0.07624
     2.270       13.05582       -0.07429
     2.275       13.08616       -0.07244
     2.280       13.11649       -0.07069
     2.285       13.14681       -0.06906
     2.290       13.17710       -0.06756
     2.295       13.20738       -0.06618
     2.300       13.23764       -0.06495
     2.305       13.26788       -0.06384
     2.310       13.29810       -0.06286
     2.315       13.32830       -0.06201
     2.320       13.35848       -0.06127
     2.325       13.38865       -0.06063
     2.330       13.41879       -0.06008
     2.335       13.44891       -0.05961
     2.340       13.47900       -0.05921
     2.345       13.50908       -0.05886
     2.350       13.53914       -0.05855
     2.355       13.56917       -0.05828
     2.360       13.59919       -0.05803
     2.365       13.62918       -0.05780
     2.370       13.65916       -0.05757
     2.375       13.68913       -0.05735
     2.380       13.71908       -0.05712
     2.385       13.74901       -0.05686
     2.390       13.77894       -0.05658
     2.395       13.80886       -0.05626
     2.400       13.83877       -0.05589
     2.405       13.86868       -0.05546
     2.410       13.89859       -0.05495
     2.415       13.92849       -0.05437
     2.420       13.95840       -0.05371
     2.425       13.98831       -0.05298
     2.430       14.01823       -0.05216
     2.435       14.04815       -0.05127
     2.440       14.07807       -0.05031
     2.445       14.10800       -0.04929
     2.450       14.13794       -0.04820
