#         w(THz)       w(meV)            Z(w)
        0.00000        0.00000        2.90095
        0.19531        0.80760        2.85854
        0.39062        1.61520        2.68455
        0.58592        2.42280        2.50501
        0.78123        3.23039        2.31055
        0.97654        4.03799        2.10407
        1.17185        4.84559        1.92103
        1.36716        5.65319        1.75644
        1.56246        6.46079        1.62857
        1.75777        7.26839        1.47933
        1.95308        8.07599        1.37169
        2.14839        8.88359        1.24393
        2.34370        9.69118        1.09819
        2.53900       10.49878        0.98304
        2.73431       11.30638        0.87610
        2.92962       12.11398        0.77289
        3.12493       12.92158        0.67882
        3.32024       13.72918        0.59816
        3.51554       14.53678        0.52307
        3.71085       15.34437        0.44251
        3.90616       16.15198        0.37665
        4.10147       16.95957        0.31755
        4.29678       17.76717        0.26483
        4.49208       18.57477        0.20894
        4.68739       19.38237        0.16548
        4.88270       20.18997        0.13548
        5.07801       20.99756        0.10740
        5.27332       21.80516        0.08770
        5.46862       22.61276        0.06787
        5.66393       23.42036        0.05354
        5.85924       24.22796        0.04161
        6.05455       25.03556        0.03295
        6.24986       25.84316        0.02722
        6.44516       26.65076        0.02371
        6.64047       27.45835        0.01808
        6.83578       28.26595        0.01452
        7.03109       29.07355        0.01223
        7.22640       29.88115        0.01099
        7.42170       30.68875        0.00861
        7.61701       31.49635        0.00810
        7.81232       32.30395        0.00568
        8.00763       33.11155        0.00516
        8.20294       33.91915        0.00397
        8.39824       34.72675        0.00344
        8.59355       35.53434        0.00297
        8.78886       36.34194        0.00242
        8.98417       37.14954        0.00240
        9.17948       37.95714        0.00255
        9.37478       38.76474        0.00178
        9.57009       39.57234        0.00140
        9.76540       40.37994        0.00164
        9.96071       41.18753        0.00093
       10.15602       41.99513        0.00099
       10.35133       42.80273        0.00080
       10.54663       43.61033        0.00096
       10.74194       44.41793        0.00036
       10.93725       45.22552        0.00066
       11.13256       46.03313        0.00027
       11.32787       46.84072        0.00056
       11.52317       47.64833        0.00024
       11.71848       48.45592        0.00064
       11.91379       49.26352        0.00021
       12.10910       50.07112        0.00057
       12.30441       50.87872        0.00015
       12.49971       51.68632        0.00044
       12.69502       52.49392        0.00022
       12.89033       53.30152        0.00040
       13.08564       54.10912        0.00015
       13.28094       54.91671        0.00027
       13.47625       55.72431        0.00017
       13.67156       56.53191        0.00017
       13.86687       57.33951        0.00011
       14.06218       58.14711        0.00007
       14.25749       58.95471        0.00017
       14.45279       59.76231        0.00005
       14.64810       60.56990        0.00016
       14.84341       61.37750       -0.00002
       15.03872       62.18510        0.00017
       15.23403       62.99270       -0.00005
       15.42933       63.80030        0.00020
       15.62464       64.60790       -0.00007
       15.81995       65.41550        0.00018
       16.01526       66.22309       -0.00009
       16.21057       67.03069        0.00016
       16.40587       67.83829       -0.00013
       16.60118       68.64589        0.00013
       16.79649       69.45349       -0.00012
       16.99180       70.26109        0.00012
       17.18711       71.06869       -0.00010
       17.38241       71.87628        0.00008
       17.57772       72.68388       -0.00008
       17.77303       73.49149        0.00005
       17.96834       74.29908       -0.00005
       18.16365       75.10668        0.00002
       18.35895       75.91428       -0.00003
       18.55426       76.72188       -0.00002
       18.74957       77.52947       -0.00000
       18.94488       78.33707       -0.00005
       19.14019       79.14468        0.00003
       19.33549       79.95227       -0.00008
       19.53080       80.75987        0.00005
       19.72611       81.56747       -0.00011
       19.92142       82.37507        0.00006
       20.11673       83.18267       -0.00012
       20.31203       83.99026        0.00007
       20.50734       84.79787       -0.00014
       20.70265       85.60547        0.00007
       20.89796       86.41306       -0.00014
       21.09327       87.22066        0.00007
       21.28857       88.02825       -0.00014
       21.48388       88.83586        0.00006
       21.67919       89.64346       -0.00013
       21.87450       90.45105        0.00004
       22.06981       91.25865       -0.00011
       22.26511       92.06625        0.00002
       22.46042       92.87386       -0.00009
       22.65573       93.68145       -0.00001
       22.85104       94.48905       -0.00007
       23.04635       95.29665       -0.00004
       23.24166       96.10425       -0.00005
       23.43696       96.91184       -0.00006
       23.63227       97.71944       -0.00002
       23.82758       98.52704       -0.00009
       24.02289       99.33463       -0.00000
       24.21819      100.14224       -0.00011
       24.41350      100.94984        0.00001
       24.60881      101.75744       -0.00013
       24.80412      102.56503        0.00003
       24.99943      103.37263       -0.00014
       25.19473      104.18024        0.00003
       25.39004      104.98783       -0.00014
       25.58535      105.79543        0.00003
       25.78066      106.60303       -0.00014
       25.97597      107.41063        0.00002
       26.17128      108.21823       -0.00014
       26.36658      109.02583        0.00001
       26.56189      109.83342       -0.00013
       26.75720      110.64102       -0.00000
       26.95251      111.44862       -0.00011
       27.14781      112.25622       -0.00002
       27.34312      113.06382       -0.00009
       27.53843      113.87141       -0.00005
       27.73374      114.67902       -0.00007
       27.92905      115.48662       -0.00007
       28.12436      116.29421       -0.00005
       28.31966      117.10181       -0.00009
       28.51497      117.90942       -0.00003
       28.71028      118.71701       -0.00011
       28.90559      119.52461       -0.00002
       29.10090      120.33221       -0.00013
       29.29620      121.13980       -0.00000
       29.49151      121.94740       -0.00014
       29.68682      122.75500        0.00000
       29.88213      123.56261       -0.00014
       30.07743      124.37020        0.00001
       30.27274      125.17780       -0.00015
       30.46805      125.98540        0.00000
       30.66336      126.79300       -0.00014
       30.85867      127.60059       -0.00001
       31.05398      128.40819       -0.00013
       31.24928      129.21581       -0.00002
       31.44459      130.02339       -0.00012
       31.63990      130.83099       -0.00003
       31.83521      131.63860       -0.00010
       32.03051      132.44618       -0.00005
       32.22582      133.25378       -0.00009
       32.42113      134.06139       -0.00007
       32.61644      134.86897       -0.00007
       32.81175      135.67659       -0.00009
       33.00705      136.48418       -0.00005
       33.20236      137.29178       -0.00011
       33.39767      138.09938       -0.00004
       33.59298      138.90698       -0.00012
       33.78829      139.71458       -0.00003
       33.98360      140.52217       -0.00013
       34.17891      141.32977       -0.00002
       34.37421      142.13737       -0.00014
       34.56952      142.94498       -0.00001
       34.76483      143.75256       -0.00014
       34.96014      144.56017       -0.00001
       35.15544      145.36777       -0.00014
       35.35075      146.17535       -0.00002
       35.54606      146.98297       -0.00014
       35.74137      147.79056       -0.00003
       35.93668      148.59816       -0.00013
       36.13198      149.40576       -0.00004
       36.32729      150.21336       -0.00011
       36.52260      151.02097       -0.00005
       36.71791      151.82855       -0.00010
       36.91322      152.63617       -0.00007
       37.10852      153.44376       -0.00008
       37.30383      154.25136       -0.00009
       37.49914      155.05894       -0.00007
       37.69445      155.86655       -0.00010
       37.88976      156.67415       -0.00005
       38.08506      157.48174       -0.00012
       38.28037      158.28935       -0.00004
       38.47568      159.09694       -0.00013
       38.67099      159.90454       -0.00003
       38.86629      160.71214       -0.00014
       39.06160      161.51974       -0.00003
       39.25691      162.32735       -0.00014
       39.45222      163.13493       -0.00002
       39.64753      163.94255       -0.00014
       39.84284      164.75014       -0.00003
       40.03815      165.55774       -0.00014
       40.23345      166.36534       -0.00003
       40.42876      167.17293       -0.00013
       40.62407      167.98051       -0.00004
       40.81937      168.78813       -0.00012
       41.01469      169.59573       -0.00005
       41.20999      170.40332       -0.00011
       41.40530      171.21094       -0.00007
       41.60061      172.01852       -0.00009
       41.79591      172.82613       -0.00008
       41.99123      173.63373       -0.00008
       42.18653      174.44131       -0.00010
       42.38184      175.24892       -0.00007
       42.57715      176.05650       -0.00011
       42.77246      176.86414       -0.00005
       42.96776      177.67172       -0.00012
       43.16307      178.47932       -0.00004
       43.35838      179.28691       -0.00013
       43.55369      180.09451       -0.00004
       43.74900      180.90210       -0.00014
       43.94431      181.70972       -0.00003
       44.13961      182.51730       -0.00014
       44.33492      183.32492       -0.00003
       44.53023      184.13251       -0.00014
       44.72554      184.94009       -0.00004
       44.92085      185.74771       -0.00013
       45.11615      186.55530       -0.00005
       45.31146      187.36290       -0.00012
       45.50677      188.17049       -0.00006
       45.70208      188.97810       -0.00011
       45.89738      189.78569       -0.00007
       46.09269      190.59331       -0.00010
       46.28800      191.40089       -0.00008
       46.48331      192.20850       -0.00009
       46.67862      193.01608       -0.00009
       46.87393      193.82368       -0.00007
       47.06923      194.63130       -0.00011
       47.26454      195.43889       -0.00006
       47.45985      196.24649       -0.00012
       47.65516      197.05408       -0.00005
       47.85046      197.86168       -0.00013
       48.04577      198.66927       -0.00005
       48.24108      199.47688       -0.00014
       48.43639      200.28448       -0.00004
       48.63170      201.09209       -0.00014
       48.82700      201.89967       -0.00004
       49.02232      202.70729       -0.00014
       49.21762      203.51488       -0.00004
       49.41293      204.32248       -0.00013
       49.60824      205.13007       -0.00005
       49.80355      205.93768       -0.00013
       49.99885      206.74527       -0.00006
       50.19416      207.55286       -0.00012
       50.38947      208.36047       -0.00007
       50.58477      209.16806       -0.00011
       50.78009      209.97566       -0.00008
       50.97539      210.78325       -0.00010
       51.17070      211.59085       -0.00009
       51.36601      212.39847       -0.00008
       51.56132      213.20607       -0.00010
       51.75663      214.01366       -0.00007
       51.95193      214.82126       -0.00012
       52.14724      215.62885       -0.00006
       52.34255      216.43646       -0.00012
       52.53786      217.24405       -0.00005
       52.73317      218.05167       -0.00013
       52.92847      218.85925       -0.00005
       53.12378      219.66684       -0.00014
       53.31909      220.47446       -0.00005
       53.51440      221.28204       -0.00014
       53.70971      222.08965       -0.00005
       53.90501      222.89723       -0.00014
       54.10032      223.70485       -0.00005
       54.29563      224.51244       -0.00013
       54.49094      225.32005       -0.00006
       54.68624      226.12764       -0.00012
       54.88156      226.93524       -0.00007
       55.07686      227.74283       -0.00011
       55.27217      228.55043       -0.00008
       55.46748      229.35805       -0.00010
       55.66278      230.16563       -0.00009
       55.85809      230.97324       -0.00009
       56.05340      231.78082       -0.00010
       56.24871      232.58842       -0.00008
       56.44402      233.39601       -0.00011
       56.63933      234.20363       -0.00007
       56.83463      235.01123       -0.00012
       57.02994      235.81883       -0.00006
       57.22525      236.62642       -0.00013
       57.42056      237.43402       -0.00005
       57.61586      238.24162       -0.00013
       57.81118      239.04922       -0.00005
       58.00648      239.85681       -0.00014
       58.20179      240.66443       -0.00005
       58.39710      241.47202       -0.00014
       58.59240      242.27960       -0.00005
       58.78772      243.08722       -0.00013
       58.98302      243.89481       -0.00006
       59.17833      244.70241       -0.00013
       59.37364      245.50999       -0.00006
       59.56895      246.31760       -0.00012
       59.76425      247.12521       -0.00007
       59.95956      247.93282       -0.00011
       60.15487      248.74040       -0.00008
       60.35018      249.54800       -0.00010
       60.54549      250.35559       -0.00010
       60.74080      251.16321       -0.00008
       60.93610      251.97079       -0.00011
       61.13141      252.77840       -0.00007
       61.32672      253.58600       -0.00012
       61.52203      254.39359       -0.00007
       61.71733      255.20119       -0.00012
       61.91264      256.00879       -0.00006
       62.10795      256.81638       -0.00013
       62.30326      257.62396       -0.00005
       62.49857      258.43161       -0.00013
       62.69387      259.23920       -0.00005
       62.88918      260.04678       -0.00013
       63.08449      260.85437       -0.00005
       63.27980      261.66199       -0.00013
       63.47511      262.46957       -0.00006
       63.67042      263.27719       -0.00013
       63.86572      264.08478       -0.00006
       64.06103      264.89236       -0.00012
       64.25634      265.69998       -0.00007
       64.45164      266.50757       -0.00011
       64.64696      267.31519       -0.00008
       64.84226      268.12277       -0.00010
       65.03757      268.93036       -0.00009
       65.23288      269.73795       -0.00009
       65.42818      270.54559       -0.00010
       65.62350      271.35318       -0.00008
       65.81880      272.16077       -0.00011
       66.01411      272.96835       -0.00007
       66.20942      273.77597       -0.00012
       66.40472      274.58356       -0.00006
       66.60004      275.39117       -0.00013
       66.79534      276.19876       -0.00006
       66.99065      277.00635       -0.00013
       67.18596      277.81396       -0.00006
       67.38126      278.62155       -0.00013
       67.57658      279.42917       -0.00006
       67.77188      280.23676       -0.00013
       67.96719      281.04434       -0.00006
       68.16250      281.85196       -0.00013
       68.35781      282.65955       -0.00006
       68.55312      283.46713       -0.00012
       68.74843      284.27475       -0.00007
       68.94373      285.08234       -0.00011
       69.13904      285.88995       -0.00008
       69.33435      286.69754       -0.00011
       69.52966      287.50513       -0.00009
       69.72496      288.31274       -0.00010
       69.92027      289.12033       -0.00010
       70.11558      289.92795       -0.00009
       70.31088      290.73553       -0.00011
       70.50620      291.54312       -0.00008
       70.70150      292.35071       -0.00012
       70.89681      293.15836       -0.00007
       71.09212      293.96594       -0.00012
       71.28743      294.77353       -0.00006
       71.48273      295.58112       -0.00013
       71.67805      296.38873       -0.00006
       71.87335      297.19632       -0.00013
       72.06866      298.00394       -0.00006
       72.26397      298.81152       -0.00013
       72.45927      299.61911       -0.00006
       72.65459      300.42673       -0.00013
       72.84989      301.23431       -0.00006
       73.04520      302.04193       -0.00013
       73.24051      302.84952       -0.00007
       73.43581      303.65710       -0.00012
       73.63113      304.46469       -0.00008
       73.82643      305.27234       -0.00011
       74.02174      306.07993       -0.00009
       74.21705      306.88751       -0.00010
       74.41235      307.69510       -0.00010
       74.60767      308.50272       -0.00009
       74.80297      309.31030       -0.00011
       74.99828      310.11789       -0.00008
       75.19359      310.92551       -0.00011
       75.38889      311.73309       -0.00007
       75.58421      312.54071       -0.00012
       75.77951      313.34830       -0.00007
       75.97482      314.15588       -0.00013
       76.17013      314.96347       -0.00006
       76.36544      315.77109       -0.00013
       76.56075      316.57870       -0.00006
       76.75605      317.38629       -0.00013
       76.95136      318.19388       -0.00006
       77.14667      319.00150       -0.00013
       77.34197      319.80908       -0.00006
       77.53728      320.61670       -0.00013
       77.73259      321.42429       -0.00007
       77.92789      322.23187       -0.00012
       78.12321      323.03949       -0.00007
       78.31851      323.84708       -0.00011
       78.51382      324.65469       -0.00008
       78.70913      325.46228       -0.00010
       78.90444      326.26987       -0.00009
       79.09975      327.07745       -0.00009
       79.29506      327.88510       -0.00010
       79.49036      328.69269       -0.00009
       79.68568      329.50027       -0.00011
       79.88098      330.30786       -0.00008
       80.07629      331.11548       -0.00012
       80.27160      331.92307       -0.00007
       80.46690      332.73068       -0.00013
       80.66222      333.53827       -0.00006
       80.85752      334.34586       -0.00013
       81.05283      335.15344       -0.00006
       81.24814      335.96103       -0.00013
       81.44344      336.76868       -0.00006
       81.63875      337.57626       -0.00013
       81.83406      338.38388       -0.00006
       82.02937      339.19147       -0.00013
       82.22467      339.99905       -0.00007
       82.41998      340.80664       -0.00012
       82.61530      341.61426       -0.00007
       82.81061      342.42188       -0.00012
       83.00591      343.22943       -0.00008
       83.20122      344.03705       -0.00011
       83.39653      344.84467       -0.00009
       83.59183      345.65225       -0.00010
       83.78714      346.45984       -0.00010
       83.98245      347.26746       -0.00009
       84.17776      348.07507       -0.00011
       84.37306      348.88263       -0.00008
       84.56837      349.69025       -0.00012
       84.76368      350.49783       -0.00007
       84.95899      351.30545       -0.00012
       85.15430      352.11301       -0.00007
       85.34960      352.92062       -0.00013
       85.54491      353.72827       -0.00006
       85.74023      354.53586       -0.00013
       85.93552      355.34344       -0.00006
       86.13084      356.15103       -0.00013
       86.32615      356.95865       -0.00006
       86.52145      357.76620       -0.00013
       86.71676      358.57382       -0.00006
       86.91207      359.38141       -0.00013
       87.10738      360.18903       -0.00007
       87.30268      360.99661       -0.00012
       87.49799      361.80420       -0.00008
       87.69331      362.61185       -0.00011
       87.88861      363.41943       -0.00009
       88.08392      364.22702       -0.00010
       88.27923      365.03461       -0.00009
       88.47453      365.84222       -0.00009
       88.66985      366.64984       -0.00010
       88.86515      367.45740       -0.00008
       89.06046      368.26501       -0.00011
       89.25577      369.07260       -0.00008
       89.45107      369.88019       -0.00012
       89.64638      370.68777       -0.00007
       89.84169      371.49542       -0.00013
       90.03700      372.30304       -0.00007
       90.23230      373.11060       -0.00013
       90.42761      373.91821       -0.00006
       90.62292      374.72580       -0.00013
       90.81824      375.53342       -0.00006
       91.01353      376.34097       -0.00013
       91.20885      377.14859       -0.00006
       91.40416      377.95621       -0.00013
       91.59946      378.76379       -0.00007
       91.79477      379.57138       -0.00012
       91.99008      380.37897       -0.00007
       92.18539      381.18661       -0.00011
       92.38069      381.99417       -0.00008
       92.57600      382.80179       -0.00011
       92.77131      383.60941       -0.00009
       92.96662      384.41699       -0.00010
       93.16192      385.22458       -0.00010
       93.35723      386.03217       -0.00009
       93.55254      386.83978       -0.00011
       93.74786      387.64737       -0.00008
       93.94315      388.45496       -0.00012
       94.13847      389.26260       -0.00007
       94.33378      390.07019       -0.00012
       94.52908      390.87778       -0.00007
       94.72439      391.68536       -0.00013
       94.91970      392.49298       -0.00006
       95.11501      393.30057       -0.00013
       95.31031      394.10815       -0.00006
       95.50562      394.91577       -0.00013
       95.70093      395.72336       -0.00006
