# cluster size, average deviation spherical shape,  average dev axial symmetry
     1      0.0000000      0.0000000
     2      0.0000000      0.0000000
     3      0.0000000      0.0000000
     4      0.0000000      0.0000000
     5      0.0000000      0.0000000
     6      0.0000000      0.0000000
     7      0.3785654      0.2960402
     8      0.3671010      0.3254297
     9      0.3013198      0.2671654
    10      0.4829195      0.3496068
    11      0.4342035      0.2338128
    12      0.3639953      0.2355232
    13      0.0000000      0.0000000
    14      0.0000000      0.0000000
    15      0.0000000      0.0000000
    16      0.4000440      0.2357819
    17      0.0000000      0.0000000
    18      0.0000000      0.0000000
    19      0.0000000      0.0000000
    20      0.0000000      0.0000000
    21      0.0000000      0.0000000
    22      0.0000000      0.0000000
    23      0.0000000      0.0000000
    24      0.0000000      0.0000000
    25      0.3383208      0.1127838
    26      0.4591079      0.1634245
    27      0.2994992      0.0643054
    28      0.4139191      0.1753736
    29      0.0000000      0.0000000
    30      0.3366075      0.2020222
    31      0.0000000      0.0000000
    32      0.2431910      0.1554628
    33      0.0000000      0.0000000
    34      0.2557112      0.0865199
    35      0.2939142      0.2052376
    36      0.2775912      0.1930690
    37      0.2732026      0.1611025
    38      0.2255319      0.1635774
    39      0.2305475      0.1467176
    40      0.2803233      0.1339077
    41      0.2323699      0.1423410
    42      0.1895767      0.1142612
    43      0.2288560      0.1611986
    44      0.0000000      0.0000000
    45      0.2794211      0.1087873
    46      0.2220120      0.1234989
    47      0.2731597      0.1666611
    48      0.2710814      0.1390203
    49      0.2335922      0.1387665
    50      0.2780346      0.1555999
    51      0.2331786      0.1761171
    52      0.2526595      0.1298885
    53      0.2872069      0.2006253
    54      0.0000000      0.0000000
    55      0.2769887      0.1851693
    56      0.1804341      0.1139434
    57      0.1954676      0.1057265
    58      0.1962784      0.1054173
    59      0.1613212      0.1292802
    60      0.2365656      0.1802963
    61      0.0000000      0.0000000
    62      0.0000000      0.0000000
    63      0.2137368      0.0716266
    64      0.1494623      0.1572174
    65      0.2210148      0.1106033
    66      0.1985641      0.0590998
    67      0.2111639      0.1582023
    68      0.0000000      0.0000000
    69      0.0000000      0.0000000
    70      0.1398664      0.1550177
    71      0.0000000      0.0000000
    72      0.1903297      0.0881321
    73      0.2474342      0.1686020
    74      0.2129919      0.1140468
    75      0.1690693      0.0862507
    76      0.2056580      0.1435759
    77      0.1621526      0.1405397
    78      0.1885046      0.0979035
    79      0.1802458      0.1150421
    80      0.1381374      0.1009038
    81      0.2001371      0.1172763
    82      0.1570302      0.0356712
    83      0.1444055      0.0857553
    84      0.1921225      0.1329555
    85      0.0000000      0.0000000
    86      0.1722077      0.1176818
    87      0.2306391      0.1530479
    88      0.1179524      0.0628558
    89      0.1354894      0.0900314
    90      0.1335530      0.0745984
    91      0.0513687      0.0023370
    92      0.1491415      0.1214222
    93      0.1384515      0.1314978
    94      0.1342413      0.1292950
    95      0.1272307      0.1322282
    96      0.0000000      0.0000000
    97      0.1337613      0.1314660
    98      0.0000000      0.0000000
    99      0.0000000      0.0000000
   100      0.1757999      0.0819009
   101      0.1839868      0.0398525
   102      0.1428892      0.0715647
   103      0.1677068      0.0653579
   104      0.1473814      0.0676970
   105      0.1351964      0.0748051
   106      0.1265114      0.0799040
   107      0.1052832      0.0656171
   108      0.1223526      0.0818601
   109      0.1204971      0.0903933
   110      0.1197606      0.0761209
   111      0.1569230      0.1126474
   112      0.1293433      0.1088761
   113      0.1528692      0.1111471
   114      0.1156534      0.0742890
   115      0.0000000      0.0000000
   116      0.0000000      0.0000000
   117      0.0917348      0.0809684
   118      0.0962860      0.0843112
   119      0.0745451      0.0524857
   120      0.0843407      0.0438767
   121      0.0701875      0.0563072
   122      0.0676876      0.0494129
   123      0.0610780      0.0412864
   124      0.0984707      0.1036837
   125      0.0848121      0.0816820
   126      0.0000000      0.0000000
   127      0.0630024      0.0592299
   128      0.1313030      0.1016037
   129      0.1104144      0.0790343
   130      0.0789213      0.0692018
   131      0.0623569      0.0555220
   132      0.0000000      0.0000000
   133      0.0870223      0.0563740
   134      0.1017685      0.0667644
   135      0.0817191      0.0465738
   136      0.0000000      0.0000000
   137      0.0984784      0.0655934
   138      0.0769540      0.0430946
   139      0.0000000      0.0000000
   140      0.1208156      0.0791306
   141      0.0994014      0.0759774
   142      0.1143567      0.0898926
   143      0.0991381      0.0882896
   144      0.1070958      0.0961150
   145      0.0901677      0.0454589
   146      0.0824327      0.0593635
   147      0.0929815      0.0542699
   148      0.0950132      0.0558030
   149      0.0768036      0.0343587
   150      0.0605653      0.0377455
   151      0.0643317      0.0514752
   152      0.0442000      0.0304036
   153      0.0684826      0.0532361
   154      0.0585770      0.0403403
   155      0.0628946      0.0633923
   156      0.0863161      0.0712684
   157      0.0826570      0.0735284
   158      0.0800211      0.0705119
   159      0.0807020      0.0722960
   160      0.1169221      0.0928155
   161      0.0939950      0.0735755
   162      0.0000000      0.0000000
   163      0.0000000      0.0000000
   164      0.0000000      0.0000000
   165      0.0000000      0.0000000
   166      0.1051745      0.0836312
   167      0.1013635      0.0678050
   168      0.0860614      0.0316196
   169      0.1041240      0.0847595
   170      0.0950915      0.0530288
   171      0.0908427      0.0530655
   172      0.0945407      0.0360551
   173      0.1041671      0.0742784
   174      0.0976636      0.0605361
   175      0.0902033      0.0614416
   176      0.0790386      0.0515311
   177      0.0534355      0.0434211
   178      0.0681726      0.0201765
   179      0.0584008      0.0418467
   180      0.0000000      0.0000000
   181      0.0830229      0.0668021
   182      0.0575412      0.0446716
   183      0.0766128      0.0667780
   184      0.0726166      0.0588297
   185      0.0775572      0.0675160
   186      0.0885683      0.0687013
   187      0.0948327      0.0807827
   188      0.0808066      0.0663638
   189      0.0678409      0.0424506
   190      0.0635546      0.0540243
   191      0.0651608      0.0570114
   192      0.0604801      0.0426700
   193      0.0681550      0.0518934
   194      0.0673769      0.0687791
   195      0.0587291      0.0513047
   196      0.0000000      0.0000000
   197      0.0689877      0.0302421
   198      0.0693329      0.0494057
   199      0.0747283      0.0301139
   200      0.0690440      0.0419922
   201      0.0620042      0.0450657
   202      0.0648482      0.0430193
   203      0.0708522      0.0554501
   204      0.0685895      0.0541420
   205      0.0790665      0.0408488
   206      0.0494759      0.0478813
   207      0.0884063      0.0218508
   208      0.0486658      0.0186059
   209      0.0518447      0.0368256
   210      0.0624574      0.0339473
   211      0.0684692      0.0518640
   212      0.0821865      0.0403380
   213      0.0818792      0.0479421
   214      0.0714769      0.0471254
   215      0.0684621      0.0331250
   216      0.0777777      0.0479304
   217      0.0685829      0.0546819
   218      0.0700806      0.0624605
   219      0.0688473      0.0799528
   220      0.0435389      0.0328772
   221      0.0297734      0.0244107
   222      0.0000000      0.0000000
   223      0.0299300      0.0237089
   224      0.0369453      0.0169182
   225      0.0545209      0.0333920
   226      0.0591831      0.0280504
   227      0.0556343      0.0312219
   228      0.0594087      0.0392362
   229      0.0618879      0.0409512
   230      0.0684990      0.0437877
   231      0.0566780      0.0480026
   232      0.0447766      0.0397090
   233      0.0450690      0.0355054
   234      0.0428637      0.0346977
   235      0.0613277      0.0442602
   236      0.0597398      0.0437436
   237      0.0690585      0.0298150
   238      0.0613113      0.0275208
   239      0.0489368      0.0271997
   240      0.0530518      0.0283553
   241      0.0442884      0.0192487
   242      0.0519459      0.0320290
   243      0.0615605      0.0362028
   244      0.0588924      0.0308345
   245      0.0538433      0.0313766
   246      0.0559809      0.0273104
   247      0.0556449      0.0273635
   248      0.0562130      0.0374509
   249      0.0575492      0.0322577
   250      0.0450299      0.0278825
   251      0.0535632      0.0338353
   252      0.0514606      0.0259606
   253      0.0451393      0.0319026
   254      0.0384110      0.0277178
   255      0.0406655      0.0271683
   256      0.0552061      0.0200183
   257      0.0526587      0.0290981
   258      0.0570009      0.0206140
   259      0.0436288      0.0183711
   260      0.0446265      0.0349258
   261      0.0461486      0.0330982
   262      0.0465664      0.0367377
   263      0.0424617      0.0384303
   264      0.0439179      0.0425221
   265      0.0395009      0.0379399
   266      0.0393958      0.0373372
   267      0.0484566      0.0459731
   268      0.0547111      0.0466021
   269      0.0512052      0.0467990
   270      0.0590643      0.0358649
   271      0.0553458      0.0191887
   272      0.0000000      0.0000000
   273      0.0000000      0.0000000
   274      0.0000000      0.0000000
   275      0.0000000      0.0000000
   276      0.0433072      0.0291466
   277      0.0472884      0.0324368
   278      0.0477991      0.0366309
   279      0.0500036      0.0153289
   280      0.0500611      0.0249912
   281      0.0478772      0.0219394
   282      0.0000000      0.0000000
   283      0.0000000      0.0000000
   284      0.0000000      0.0000000
   285      0.0379746      0.0303298
   286      0.0338587      0.0273339
   287      0.0455394      0.0396279
   288      0.0473028      0.0398719
   289      0.0463049      0.0307756
   290      0.0504997      0.0312632
   291      0.0490511      0.0281788
   292      0.0464376      0.0322378
   293      0.0565691      0.0254705
   294      0.0421333      0.0265346
   295      0.0433143      0.0306314
   296      0.0451982      0.0324525
   297      0.0375208      0.0293478
   298      0.0613517      0.0515203
   299      0.0672950      0.0495259
   300      0.0617209      0.0588819
   301      0.0625351      0.0583042
   302      0.0682525      0.0635137
   303      0.0690187      0.0673571
   304      0.0561740      0.0376304
   305      0.0497801      0.0303334
   306      0.0543812      0.0435830
   307      0.0446932      0.0335457
   308      0.0383068      0.0180237
   309      0.0438175      0.0269524
   310      0.0521422      0.0366036
   311      0.0505384      0.0425696
   312      0.0470484      0.0409057
   313      0.0327331      0.0237537
   314      0.0582969      0.0422393
   315      0.0497837      0.0365261
   316      0.0297320      0.0263076
   317      0.0311881      0.0166497
   318      0.0372803      0.0173494
   319      0.0415251      0.0236995
   320      0.0452413      0.0220547
   321      0.0483232      0.0312854
   322      0.0504929      0.0258738
   323      0.0378477      0.0234391
   324      0.0491944      0.0312557
   325      0.0530207      0.0316846
   326      0.0377297      0.0279969
   327      0.0321358      0.0181620
   328      0.0380523      0.0271334
   329      0.0458550      0.0225284
   330      0.0499237      0.0338297
   331      0.0506934      0.0290310
   332      0.0293997      0.0218011
   333      0.0239768      0.0259675
   334      0.0498616      0.0415631
   335      0.0594050      0.0386632
   336      0.0456584      0.0204153
   337      0.0409396      0.0217286
   338      0.0373735      0.0272110
   339      0.0348749      0.0216485
   340      0.0384721      0.0249755
   341      0.0308315      0.0253172
   342      0.0514244      0.0444175
   343      0.0484712      0.0448873
   344      0.0400268      0.0384391
   345      0.0364403      0.0309304
   346      0.0355544      0.0259932
   347      0.0450594      0.0359267
   348      0.0358131      0.0188549
   349      0.0288963      0.0137770
   350      0.0281543      0.0101803
   351      0.0366051      0.0245790
   352      0.0407567      0.0408171
   353      0.0350518      0.0311886
   354      0.0401196      0.0360891
   355      0.0423067      0.0361467
   356      0.0358287      0.0187740
   357      0.0356853      0.0265014
   358      0.0364381      0.0312132
   359      0.0439641      0.0298689
   360      0.0387879      0.0239587
   361      0.0396416      0.0216072
   362      0.0398809      0.0277424
   363      0.0341958      0.0290647
   364      0.0364901      0.0313822
   365      0.0424061      0.0299983
   366      0.0420413      0.0339607
   367      0.0353256      0.0125155
   368      0.0349975      0.0130842
   369      0.0302357      0.0274695
   370      0.0284375      0.0163956
   371      0.0242209      0.0173080
   372      0.0432661      0.0279508
   373      0.0500039      0.0329175
   374      0.0503451      0.0505757
   375      0.0489602      0.0466796
   376      0.0375095      0.0237153
   377      0.0312202      0.0159598
   378      0.0354536      0.0231986
   379      0.0348509      0.0173469
   380      0.0434096      0.0220342
   381      0.0393390      0.0320332
   382      0.0470993      0.0121922
   383      0.0346556      0.0241290
   384      0.0412571      0.0289717
   385      0.0381222      0.0168335
   386      0.0349511      0.0213103
   387      0.0238566      0.0193745
   388      0.0405492      0.0329512
   389      0.0379368      0.0273163
   390      0.0326877      0.0078062
   391      0.0308352      0.0212840
   392      0.0449389      0.0194682
   393      0.0385484      0.0176909
   394      0.0364961      0.0309491
   395      0.0326513      0.0297046
   396      0.0349890      0.0292089
   397      0.0359796      0.0342645
   398      0.0331540      0.0329133
   399      0.0272333      0.0166078
   400      0.0429677      0.0241357
   401      0.0474606      0.0236314
   402      0.0459709      0.0215335
   403      0.0354639      0.0267965
   404      0.0357919      0.0309219
   405      0.0397683      0.0259194
   406      0.0331519      0.0226745
   407      0.0362123      0.0324920
   408      0.0400533      0.0343600
   409      0.0381763      0.0285080
   410      0.0338254      0.0261188
   411      0.0369034      0.0260716
   412      0.0297879      0.0142914
   413      0.0281700      0.0245355
   414      0.0316211      0.0229999
   415      0.0278380      0.0191698
   416      0.0339592      0.0322944
   417      0.0328201      0.0271908
   418      0.0427632      0.0300725
   419      0.0408630      0.0265626
   420      0.0349806      0.0228739
   421      0.0354515      0.0220417
   422      0.0249156      0.0221021
   423      0.0215818      0.0174444
   424      0.0318377      0.0241676
   425      0.0446325      0.0393807
   426      0.0422494      0.0241396
   427      0.0370894      0.0224588
   428      0.0245672      0.0156030
   429      0.0308859      0.0215831
   430      0.0236719      0.0204417
   431      0.0376372      0.0317964
   432      0.0422257      0.0315059
   433      0.0325421      0.0181747
   434      0.0299118      0.0183369
   435      0.0391237      0.0317987
   436      0.0335286      0.0226363
   437      0.0436692      0.0357474
   438      0.0481830      0.0232800
   439      0.0280513      0.0207332
   440      0.0377403      0.0299014
   441      0.0319820      0.0230964
   442      0.0288107      0.0129607
   443      0.0305757      0.0158414
   444      0.0282834      0.0208400
   445      0.0279954      0.0239528
   446      0.0250895      0.0111387
   447      0.0310132      0.0139813
   448      0.0398538      0.0422993
   449      0.0390448      0.0297814
   450      0.0297486      0.0151379
   451      0.0338739      0.0234316
   452      0.0336777      0.0110462
   453      0.0242186      0.0072364
   454      0.0253281      0.0225861
   455      0.0309310      0.0127031
   456      0.0270002      0.0248599
   457      0.0329626      0.0273355
   458      0.0334599      0.0215277
   459      0.0000000      0.0000000
   460      0.0000000      0.0000000
   461      0.0359000      0.0357886
   462      0.0399611      0.0317990
   463      0.0520045      0.0391719
   464      0.0340347      0.0301514
   465      0.0223191      0.0152426
   466      0.0322469      0.0220905
   467      0.0247472      0.0149646
   468      0.0121255      0.0068515
   469      0.0000000      0.0000000
   470      0.0409769      0.0460711
   471      0.0315429      0.0294269
   472      0.0313162      0.0186306
   473      0.0294595      0.0248515
   474      0.0503507      0.0229549
   475      0.0288153      0.0164837
   476      0.0491782      0.0495447
   477      0.0342615      0.0237359
   478      0.0318532      0.0211793
   479      0.0255088      0.0207284
   480      0.0354268      0.0212349
   481      0.0253840      0.0194076
   482      0.0272990      0.0168419
   483      0.0300480      0.0092179
   484      0.0270509      0.0146255
   485      0.0247943      0.0184104
   486      0.0321886      0.0200917
   487      0.0285030      0.0242774
   488      0.0317391      0.0153068
   489      0.0397104      0.0402257
   490      0.0357055      0.0361107
   491      0.0347052      0.0326500
   492      0.0320806      0.0247961
   493      0.0254301      0.0230528
   494      0.0277159      0.0245775
   495      0.0230012      0.0102819
   496      0.0312642      0.0263955
   497      0.0316555      0.0079008
   498      0.0194583      0.0212878
   499      0.0000000      0.0000000
   500      0.0362715      0.0317595
   501      0.0308838      0.0219073
   502      0.0297409      0.0213589
   503      0.0308671      0.0180093
   504      0.0383341      0.0240608
   505      0.0000000      0.0000000
   506      0.0211139      0.0187136
   507      0.0296305      0.0183668
   508      0.0000000      0.0000000
   509      0.0000000      0.0000000
   510      0.0000000      0.0000000
   511      0.0328920      0.0175563
   512      0.0236292      0.0173367
   513      0.0225406      0.0188192
   514      0.0000000      0.0000000
   515      0.0000000      0.0000000
   516      0.0258848      0.0244038
   517      0.0365140      0.0217821
   518      0.0283708      0.0212041
   519      0.0235275      0.0194958
   520      0.0327809      0.0153457
   521      0.0358948      0.0172116
   522      0.0169607      0.0135099
   523      0.0331638      0.0256619
   524      0.0306235      0.0156571
   525      0.0330448      0.0279662
   526      0.0280813      0.0123134
   527      0.0319502      0.0148371
   528      0.0347821      0.0125911
   529      0.0386993      0.0264164
   530      0.0318485      0.0155047
   531      0.0394657      0.0254573
   532      0.0198269      0.0080031
   533      0.0291016      0.0280487
   534      0.0000000      0.0000000
   535      0.0000000      0.0000000
   536      0.0258273      0.0114398
   537      0.0321991      0.0081928
   538      0.0197480      0.0076471
   539      0.0375742      0.0202956
   540      0.0000000      0.0000000
   541      0.0000000      0.0000000
   542      0.0224269      0.0207202
   543      0.0190068      0.0134256
   544      0.0191127      0.0141850
   545      0.0181129      0.0110635
   546      0.0356400      0.0217300
   547      0.0359771      0.0236291
   548      0.0245980      0.0193380
   549      0.0315148      0.0182454
   550      0.0227733      0.0222309
   551      0.0520064      0.0325429
   552      0.0000000      0.0000000
   553      0.0250352      0.0129264
   554      0.0000000      0.0000000
   555      0.0247060      0.0168870
   556      0.0000000      0.0000000
   557      0.0000000      0.0000000
   558      0.0000000      0.0000000
   559      0.0258651      0.0206378
   560      0.0224662      0.0079816
   561      0.0307336      0.0151073
   562      0.0000000      0.0000000
   563      0.0000000      0.0000000
   564      0.0186580      0.0146753
   565      0.0275979      0.0181562
   566      0.0000000      0.0000000
   567      0.0177069      0.0174507
   568      0.0000000      0.0000000
   569      0.0000000      0.0000000
   570      0.0233788      0.0173152
   571      0.0000000      0.0000000
   572      0.0151082      0.0079964
   573      0.0370733      0.0323630
   574      0.0000000      0.0000000
   575      0.0191187      0.0115542
   576      0.0221585      0.0135476
   577      0.0000000      0.0000000
   578      0.0000000      0.0000000
   579      0.0376619      0.0060085
   580      0.0000000      0.0000000
   581      0.0000000      0.0000000
   582      0.0000000      0.0000000
   583      0.0000000      0.0000000
   584      0.0000000      0.0000000
   585      0.0277993      0.0163665
   586      0.0000000      0.0000000
   587      0.0000000      0.0000000
   588      0.0241055      0.0102435
   589      0.0223687      0.0059150
   590      0.0325256      0.0361531
   591      0.0318879      0.0363256
   592      0.0000000      0.0000000
   593      0.0000000      0.0000000
   594      0.0000000      0.0000000
   595      0.0212137      0.0025916
   596      0.0000000      0.0000000
   597      0.0000000      0.0000000
   598      0.0214445      0.0047294
   599      0.0000000      0.0000000
   600      0.0000000      0.0000000
   601      0.0000000      0.0000000
   602      0.0300232      0.0060056
   603      0.0000000      0.0000000
   604      0.0000000      0.0000000
   605      0.0217191      0.0062973
   606      0.0216353      0.0066066
   607      0.0122098      0.0096791
   608      0.0000000      0.0000000
   609      0.0000000      0.0000000
   610      0.0284211      0.0182652
   611      0.0000000      0.0000000
   612      0.0215211      0.0144401
   613      0.0240199      0.0110705
   614      0.0361213      0.0213576
   615      0.0000000      0.0000000
   616      0.0000000      0.0000000
   617      0.0318123      0.0129935
   618      0.0000000      0.0000000
   619      0.0000000      0.0000000
   620      0.0317094      0.0139195
   621      0.0263371      0.0174833
   622      0.0000000      0.0000000
   623      0.0000000      0.0000000
   624      0.0378332      0.0222049
   625      0.0140983      0.0125807
   626      0.0198011      0.0124608
   627      0.0000000      0.0000000
   628      0.0000000      0.0000000
   629      0.0000000      0.0000000
   630      0.0000000      0.0000000
   631      0.0000000      0.0000000
   632      0.0151897      0.0095055
   633      0.0000000      0.0000000
   634      0.0000000      0.0000000
   635      0.0000000      0.0000000
   636      0.0000000      0.0000000
   637      0.0000000      0.0000000
   638      0.0260516      0.0201328
   639      0.0000000      0.0000000
   640      0.0390440      0.0302116
   641      0.0230895      0.0218681
   642      0.0115517      0.0081307
   643      0.0000000      0.0000000
   644      0.0000000      0.0000000
   645      0.0000000      0.0000000
   646      0.0000000      0.0000000
   647      0.0000000      0.0000000
   648      0.0000000      0.0000000
   649      0.0000000      0.0000000
   650      0.0000000      0.0000000
   651      0.0000000      0.0000000
   652      0.0000000      0.0000000
   653      0.0000000      0.0000000
   654      0.0277283      0.0057498
   655      0.0273838      0.0063923
   656      0.0000000      0.0000000
   657      0.0000000      0.0000000
   658      0.0000000      0.0000000
   659      0.0000000      0.0000000
   660      0.0000000      0.0000000
   661      0.0000000      0.0000000
   662      0.0000000      0.0000000
   663      0.0215069      0.0181025
   664      0.0000000      0.0000000
   665      0.0097099      0.0048729
   666      0.0161465      0.0023449
   667      0.0000000      0.0000000
   668      0.0220859      0.0209272
   669      0.0000000      0.0000000
   670      0.0000000      0.0000000
   671      0.0000000      0.0000000
   672      0.0000000      0.0000000
   673      0.0000000      0.0000000
   674      0.0000000      0.0000000
   675      0.0000000      0.0000000
   676      0.0000000      0.0000000
   677      0.0000000      0.0000000
   678      0.0000000      0.0000000
   679      0.0000000      0.0000000
   680      0.0000000      0.0000000
   681      0.0000000      0.0000000
   682      0.0172019      0.0171755
   683      0.0172390      0.0145793
   684      0.0159280      0.0146352
   685      0.0000000      0.0000000
   686      0.0357337      0.0105207
   687      0.0000000      0.0000000
   688      0.0000000      0.0000000
   689      0.0000000      0.0000000
   690      0.0000000      0.0000000
   691      0.0000000      0.0000000
   692      0.0168162      0.0133519
   693      0.0000000      0.0000000
   694      0.0000000      0.0000000
   695      0.0000000      0.0000000
   696      0.0000000      0.0000000
   697      0.0000000      0.0000000
   698      0.0000000      0.0000000
   699      0.0000000      0.0000000
   700      0.0000000      0.0000000
   701      0.0000000      0.0000000
   702      0.0000000      0.0000000
   703      0.0000000      0.0000000
   704      0.0000000      0.0000000
   705      0.0000000      0.0000000
   706      0.0000000      0.0000000
   707      0.0000000      0.0000000
   708      0.0000000      0.0000000
   709      0.0000000      0.0000000
   710      0.0000000      0.0000000
   711      0.0000000      0.0000000
   712      0.0000000      0.0000000
   713      0.0000000      0.0000000
   714      0.0000000      0.0000000
   715      0.0000000      0.0000000
   716      0.0000000      0.0000000
   717      0.0000000      0.0000000
   718      0.0000000      0.0000000
   719      0.0000000      0.0000000
   720      0.0000000      0.0000000
   721      0.0000000      0.0000000
   722      0.0000000      0.0000000
   723      0.0000000      0.0000000
   724      0.0000000      0.0000000
   725      0.0000000      0.0000000
   726      0.0000000      0.0000000
   727      0.0000000      0.0000000
   728      0.0000000      0.0000000
   729      0.0000000      0.0000000
   730      0.0000000      0.0000000
   731      0.0000000      0.0000000
   732      0.0000000      0.0000000
   733      0.0000000      0.0000000
   734      0.0000000      0.0000000
   735      0.0000000      0.0000000
   736      0.0000000      0.0000000
   737      0.0000000      0.0000000
   738      0.0000000      0.0000000
   739      0.0000000      0.0000000
   740      0.0000000      0.0000000
   741      0.0000000      0.0000000
   742      0.0000000      0.0000000
   743      0.0000000      0.0000000
   744      0.0000000      0.0000000
   745      0.0000000      0.0000000
   746      0.0000000      0.0000000
   747      0.0000000      0.0000000
   748      0.0000000      0.0000000
   749      0.0000000      0.0000000
   750      0.0000000      0.0000000
   751      0.0000000      0.0000000
   752      0.0000000      0.0000000
   753      0.0000000      0.0000000
   754      0.0000000      0.0000000
   755      0.0000000      0.0000000
   756      0.0000000      0.0000000
   757      0.0000000      0.0000000
   758      0.0000000      0.0000000
   759      0.0000000      0.0000000
   760      0.0000000      0.0000000
   761      0.0000000      0.0000000
   762      0.0000000      0.0000000
   763      0.0000000      0.0000000
   764      0.0000000      0.0000000
   765      0.0000000      0.0000000
   766      0.0000000      0.0000000
   767      0.0000000      0.0000000
   768      0.0000000      0.0000000
   769      0.0000000      0.0000000
   770      0.0000000      0.0000000
   771      0.0000000      0.0000000
   772      0.0000000      0.0000000
   773      0.0000000      0.0000000
   774      0.0000000      0.0000000
   775      0.0000000      0.0000000
   776      0.0000000      0.0000000
   777      0.0000000      0.0000000
   778      0.0000000      0.0000000
   779      0.0000000      0.0000000
   780      0.0000000      0.0000000
   781      0.0000000      0.0000000
   782      0.0000000      0.0000000
   783      0.0000000      0.0000000
   784      0.0000000      0.0000000
   785      0.0000000      0.0000000
   786      0.0000000      0.0000000
   787      0.0000000      0.0000000
   788      0.0000000      0.0000000
   789      0.0000000      0.0000000
   790      0.0000000      0.0000000
   791      0.0000000      0.0000000
   792      0.0000000      0.0000000
   793      0.0000000      0.0000000
   794      0.0000000      0.0000000
   795      0.0000000      0.0000000
   796      0.0000000      0.0000000
   797      0.0000000      0.0000000
   798      0.0000000      0.0000000
   799      0.0000000      0.0000000
   800      0.0000000      0.0000000
   801      0.0000000      0.0000000
   802      0.0000000      0.0000000
   803      0.0000000      0.0000000
   804      0.0000000      0.0000000
   805      0.0000000      0.0000000
   806      0.0000000      0.0000000
   807      0.0000000      0.0000000
   808      0.0000000      0.0000000
   809      0.0000000      0.0000000
   810      0.0000000      0.0000000
   811      0.0000000      0.0000000
   812      0.0000000      0.0000000
   813      0.0000000      0.0000000
   814      0.0000000      0.0000000
   815      0.0000000      0.0000000
   816      0.0000000      0.0000000
   817      0.0000000      0.0000000
   818      0.0000000      0.0000000
   819      0.0000000      0.0000000
   820      0.0000000      0.0000000
   821      0.0000000      0.0000000
   822      0.0000000      0.0000000
   823      0.0000000      0.0000000
   824      0.0000000      0.0000000
   825      0.0000000      0.0000000
   826      0.0000000      0.0000000
   827      0.0000000      0.0000000
   828      0.0000000      0.0000000
   829      0.0000000      0.0000000
   830      0.0000000      0.0000000
   831      0.0000000      0.0000000
   832      0.0000000      0.0000000
   833      0.0000000      0.0000000
   834      0.0000000      0.0000000
   835      0.0000000      0.0000000
   836      0.0000000      0.0000000
   837      0.0000000      0.0000000
   838      0.0000000      0.0000000
   839      0.0000000      0.0000000
   840      0.0000000      0.0000000
   841      0.0000000      0.0000000
   842      0.0000000      0.0000000
   843      0.0000000      0.0000000
   844      0.0000000      0.0000000
   845      0.0000000      0.0000000
   846      0.0000000      0.0000000
   847      0.0000000      0.0000000
   848      0.0000000      0.0000000
   849      0.0000000      0.0000000
   850      0.0000000      0.0000000
   851      0.0000000      0.0000000
   852      0.0000000      0.0000000
   853      0.0000000      0.0000000
   854      0.0000000      0.0000000
   855      0.0000000      0.0000000
   856      0.0000000      0.0000000
   857      0.0000000      0.0000000
   858      0.0000000      0.0000000
   859      0.0000000      0.0000000
   860      0.0000000      0.0000000
   861      0.0000000      0.0000000
   862      0.0000000      0.0000000
   863      0.0000000      0.0000000
   864      0.0000000      0.0000000
   865      0.0000000      0.0000000
   866      0.0000000      0.0000000
   867      0.0000000      0.0000000
   868      0.0000000      0.0000000
   869      0.0000000      0.0000000
   870      0.0000000      0.0000000
   871      0.0000000      0.0000000
   872      0.0000000      0.0000000
   873      0.0000000      0.0000000
   874      0.0000000      0.0000000
   875      0.0000000      0.0000000
   876      0.0000000      0.0000000
   877      0.0000000      0.0000000
   878      0.0000000      0.0000000
   879      0.0000000      0.0000000
   880      0.0000000      0.0000000
   881      0.0000000      0.0000000
   882      0.0000000      0.0000000
   883      0.0000000      0.0000000
   884      0.0000000      0.0000000
   885      0.0000000      0.0000000
   886      0.0000000      0.0000000
   887      0.0000000      0.0000000
   888      0.0000000      0.0000000
   889      0.0000000      0.0000000
   890      0.0000000      0.0000000
   891      0.0000000      0.0000000
   892      0.0000000      0.0000000
   893      0.0000000      0.0000000
   894      0.0000000      0.0000000
   895      0.0000000      0.0000000
   896      0.0000000      0.0000000
   897      0.0000000      0.0000000
   898      0.0000000      0.0000000
   899      0.0000000      0.0000000
   900      0.0000000      0.0000000
   901      0.0000000      0.0000000
   902      0.0000000      0.0000000
   903      0.0000000      0.0000000
   904      0.0000000      0.0000000
   905      0.0000000      0.0000000
   906      0.0000000      0.0000000
   907      0.0000000      0.0000000
   908      0.0000000      0.0000000
   909      0.0000000      0.0000000
   910      0.0000000      0.0000000
   911      0.0000000      0.0000000
   912      0.0000000      0.0000000
   913      0.0000000      0.0000000
   914      0.0000000      0.0000000
   915      0.0000000      0.0000000
   916      0.0000000      0.0000000
   917      0.0000000      0.0000000
   918      0.0000000      0.0000000
   919      0.0000000      0.0000000
   920      0.0000000      0.0000000
   921      0.0000000      0.0000000
   922      0.0000000      0.0000000
   923      0.0000000      0.0000000
   924      0.0000000      0.0000000
   925      0.0000000      0.0000000
   926      0.0000000      0.0000000
   927      0.0000000      0.0000000
   928      0.0000000      0.0000000
   929      0.0000000      0.0000000
   930      0.0000000      0.0000000
   931      0.0000000      0.0000000
   932      0.0000000      0.0000000
   933      0.0000000      0.0000000
   934      0.0000000      0.0000000
   935      0.0000000      0.0000000
   936      0.0000000      0.0000000
   937      0.0000000      0.0000000
   938      0.0000000      0.0000000
   939      0.0000000      0.0000000
   940      0.0000000      0.0000000
   941      0.0000000      0.0000000
   942      0.0000000      0.0000000
   943      0.0000000      0.0000000
   944      0.0000000      0.0000000
   945      0.0000000      0.0000000
   946      0.0000000      0.0000000
   947      0.0000000      0.0000000
   948      0.0000000      0.0000000
   949      0.0000000      0.0000000
   950      0.0000000      0.0000000
   951      0.0000000      0.0000000
   952      0.0000000      0.0000000
   953      0.0000000      0.0000000
   954      0.0000000      0.0000000
   955      0.0000000      0.0000000
   956      0.0000000      0.0000000
   957      0.0000000      0.0000000
   958      0.0000000      0.0000000
   959      0.0000000      0.0000000
   960      0.0000000      0.0000000
   961      0.0000000      0.0000000
   962      0.0000000      0.0000000
   963      0.0000000      0.0000000
   964      0.0000000      0.0000000
   965      0.0000000      0.0000000
   966      0.0000000      0.0000000
   967      0.0000000      0.0000000
   968      0.0000000      0.0000000
   969      0.0000000      0.0000000
   970      0.0000000      0.0000000
   971      0.0000000      0.0000000
   972      0.0000000      0.0000000
   973      0.0000000      0.0000000
   974      0.0000000      0.0000000
   975      0.0000000      0.0000000
   976      0.0000000      0.0000000
   977      0.0000000      0.0000000
   978      0.0000000      0.0000000
   979      0.0000000      0.0000000
   980      0.0000000      0.0000000
   981      0.0000000      0.0000000
   982      0.0000000      0.0000000
   983      0.0000000      0.0000000
   984      0.0000000      0.0000000
   985      0.0000000      0.0000000
   986      0.0000000      0.0000000
   987      0.0000000      0.0000000
   988      0.0000000      0.0000000
   989      0.0000000      0.0000000
   990      0.0000000      0.0000000
   991      0.0000000      0.0000000
   992      0.0000000      0.0000000
   993      0.0000000      0.0000000
   994      0.0000000      0.0000000
   995      0.0000000      0.0000000
   996      0.0000000      0.0000000
   997      0.0000000      0.0000000
   998      0.0000000      0.0000000
   999      0.0000000      0.0000000
  1000      0.0000000      0.0000000
  1001      0.0000000      0.0000000
  1002      0.0000000      0.0000000
  1003      0.0000000      0.0000000
  1004      0.0000000      0.0000000
  1005      0.0000000      0.0000000
  1006      0.0000000      0.0000000
  1007      0.0000000      0.0000000
  1008      0.0000000      0.0000000
  1009      0.0000000      0.0000000
  1010      0.0000000      0.0000000
  1011      0.0000000      0.0000000
  1012      0.0000000      0.0000000
  1013      0.0000000      0.0000000
  1014      0.0000000      0.0000000
  1015      0.0000000      0.0000000
  1016      0.0000000      0.0000000
  1017      0.0000000      0.0000000
  1018      0.0000000      0.0000000
  1019      0.0000000      0.0000000
  1020      0.0000000      0.0000000
  1021      0.0000000      0.0000000
  1022      0.0000000      0.0000000
  1023      0.0000000      0.0000000
  1024      0.0000000      0.0000000
  1025      0.0000000      0.0000000
  1026      0.0000000      0.0000000
  1027      0.0000000      0.0000000
  1028      0.0000000      0.0000000
  1029      0.0000000      0.0000000
  1030      0.0000000      0.0000000
  1031      0.0000000      0.0000000
  1032      0.0000000      0.0000000
  1033      0.0000000      0.0000000
  1034      0.0000000      0.0000000
  1035      0.0000000      0.0000000
  1036      0.0000000      0.0000000
  1037      0.0000000      0.0000000
  1038      0.0000000      0.0000000
  1039      0.0000000      0.0000000
  1040      0.0000000      0.0000000
  1041      0.0000000      0.0000000
  1042      0.0000000      0.0000000
  1043      0.0000000      0.0000000
  1044      0.0000000      0.0000000
  1045      0.0000000      0.0000000
  1046      0.0000000      0.0000000
  1047      0.0000000      0.0000000
  1048      0.0000000      0.0000000
  1049      0.0000000      0.0000000
  1050      0.0000000      0.0000000
  1051      0.0000000      0.0000000
  1052      0.0000000      0.0000000
  1053      0.0000000      0.0000000
  1054      0.0000000      0.0000000
  1055      0.0000000      0.0000000
  1056      0.0000000      0.0000000
  1057      0.0000000      0.0000000
  1058      0.0000000      0.0000000
  1059      0.0000000      0.0000000
  1060      0.0000000      0.0000000
  1061      0.0000000      0.0000000
  1062      0.0000000      0.0000000
  1063      0.0000000      0.0000000
  1064      0.0000000      0.0000000
  1065      0.0000000      0.0000000
  1066      0.0000000      0.0000000
  1067      0.0000000      0.0000000
  1068      0.0000000      0.0000000
  1069      0.0000000      0.0000000
  1070      0.0000000      0.0000000
  1071      0.0000000      0.0000000
  1072      0.0000000      0.0000000
  1073      0.0000000      0.0000000
  1074      0.0000000      0.0000000
  1075      0.0000000      0.0000000
  1076      0.0000000      0.0000000
  1077      0.0000000      0.0000000
  1078      0.0000000      0.0000000
  1079      0.0000000      0.0000000
  1080      0.0000000      0.0000000
  1081      0.0000000      0.0000000
  1082      0.0000000      0.0000000
  1083      0.0000000      0.0000000
  1084      0.0000000      0.0000000
  1085      0.0000000      0.0000000
  1086      0.0000000      0.0000000
  1087      0.0000000      0.0000000
  1088      0.0000000      0.0000000
  1089      0.0000000      0.0000000
  1090      0.0000000      0.0000000
  1091      0.0000000      0.0000000
  1092      0.0000000      0.0000000
  1093      0.0000000      0.0000000
  1094      0.0000000      0.0000000
  1095      0.0000000      0.0000000
  1096      0.0000000      0.0000000
  1097      0.0000000      0.0000000
  1098      0.0000000      0.0000000
  1099      0.0000000      0.0000000
  1100      0.0000000      0.0000000
  1101      0.0000000      0.0000000
  1102      0.0000000      0.0000000
  1103      0.0000000      0.0000000
  1104      0.0000000      0.0000000
  1105      0.0000000      0.0000000
  1106      0.0000000      0.0000000
  1107      0.0000000      0.0000000
  1108      0.0000000      0.0000000
  1109      0.0000000      0.0000000
  1110      0.0000000      0.0000000
  1111      0.0000000      0.0000000
  1112      0.0000000      0.0000000
  1113      0.0000000      0.0000000
  1114      0.0000000      0.0000000
  1115      0.0000000      0.0000000
  1116      0.0000000      0.0000000
  1117      0.0000000      0.0000000
  1118      0.0000000      0.0000000
  1119      0.0000000      0.0000000
  1120      0.0000000      0.0000000
  1121      0.0000000      0.0000000
  1122      0.0000000      0.0000000
  1123      0.0000000      0.0000000
  1124      0.0000000      0.0000000
  1125      0.0000000      0.0000000
  1126      0.0000000      0.0000000
  1127      0.0000000      0.0000000
  1128      0.0000000      0.0000000
  1129      0.0000000      0.0000000
  1130      0.0000000      0.0000000
  1131      0.0000000      0.0000000
  1132      0.0000000      0.0000000
  1133      0.0000000      0.0000000
  1134      0.0000000      0.0000000
  1135      0.0000000      0.0000000
  1136      0.0000000      0.0000000
  1137      0.0000000      0.0000000
  1138      0.0000000      0.0000000
  1139      0.0000000      0.0000000
  1140      0.0000000      0.0000000
  1141      0.0000000      0.0000000
  1142      0.0000000      0.0000000
  1143      0.0000000      0.0000000
  1144      0.0000000      0.0000000
  1145      0.0000000      0.0000000
  1146      0.0000000      0.0000000
  1147      0.0000000      0.0000000
  1148      0.0000000      0.0000000
  1149      0.0000000      0.0000000
  1150      0.0000000      0.0000000
  1151      0.0000000      0.0000000
  1152      0.0000000      0.0000000
  1153      0.0000000      0.0000000
  1154      0.0000000      0.0000000
  1155      0.0000000      0.0000000
  1156      0.0000000      0.0000000
  1157      0.0000000      0.0000000
  1158      0.0000000      0.0000000
  1159      0.0000000      0.0000000
  1160      0.0000000      0.0000000
  1161      0.0000000      0.0000000
  1162      0.0000000      0.0000000
  1163      0.0000000      0.0000000
  1164      0.0000000      0.0000000
  1165      0.0000000      0.0000000
  1166      0.0000000      0.0000000
  1167      0.0000000      0.0000000
  1168      0.0000000      0.0000000
  1169      0.0000000      0.0000000
  1170      0.0000000      0.0000000
  1171      0.0000000      0.0000000
  1172      0.0000000      0.0000000
  1173      0.0000000      0.0000000
  1174      0.0000000      0.0000000
  1175      0.0000000      0.0000000
  1176      0.0000000      0.0000000
  1177      0.0000000      0.0000000
  1178      0.0000000      0.0000000
  1179      0.0000000      0.0000000
  1180      0.0000000      0.0000000
  1181      0.0000000      0.0000000
  1182      0.0000000      0.0000000
  1183      0.0000000      0.0000000
  1184      0.0000000      0.0000000
  1185      0.0000000      0.0000000
  1186      0.0000000      0.0000000
  1187      0.0000000      0.0000000
  1188      0.0000000      0.0000000
  1189      0.0000000      0.0000000
  1190      0.0000000      0.0000000
  1191      0.0000000      0.0000000
  1192      0.0000000      0.0000000
  1193      0.0000000      0.0000000
  1194      0.0000000      0.0000000
  1195      0.0000000      0.0000000
  1196      0.0000000      0.0000000
  1197      0.0000000      0.0000000
  1198      0.0000000      0.0000000
  1199      0.0000000      0.0000000
  1200      0.0000000      0.0000000
  1201      0.0000000      0.0000000
  1202      0.0000000      0.0000000
  1203      0.0000000      0.0000000
  1204      0.0000000      0.0000000
  1205      0.0000000      0.0000000
  1206      0.0000000      0.0000000
  1207      0.0000000      0.0000000
  1208      0.0000000      0.0000000
  1209      0.0000000      0.0000000
  1210      0.0000000      0.0000000
  1211      0.0000000      0.0000000
  1212      0.0000000      0.0000000
  1213      0.0000000      0.0000000
  1214      0.0000000      0.0000000
  1215      0.0000000      0.0000000
  1216      0.0000000      0.0000000
  1217      0.0000000      0.0000000
  1218      0.0000000      0.0000000
  1219      0.0000000      0.0000000
  1220      0.0000000      0.0000000
  1221      0.0000000      0.0000000
  1222      0.0000000      0.0000000
  1223      0.0000000      0.0000000
  1224      0.0000000      0.0000000
  1225      0.0000000      0.0000000
  1226      0.0000000      0.0000000
  1227      0.0000000      0.0000000
  1228      0.0000000      0.0000000
  1229      0.0000000      0.0000000
  1230      0.0000000      0.0000000
  1231      0.0000000      0.0000000
  1232      0.0000000      0.0000000
  1233      0.0000000      0.0000000
  1234      0.0000000      0.0000000
  1235      0.0000000      0.0000000
  1236      0.0000000      0.0000000
  1237      0.0000000      0.0000000
  1238      0.0000000      0.0000000
  1239      0.0000000      0.0000000
  1240      0.0000000      0.0000000
  1241      0.0000000      0.0000000
  1242      0.0000000      0.0000000
  1243      0.0000000      0.0000000
  1244      0.0000000      0.0000000
  1245      0.0000000      0.0000000
  1246      0.0000000      0.0000000
  1247      0.0000000      0.0000000
  1248      0.0000000      0.0000000
  1249      0.0000000      0.0000000
  1250      0.0000000      0.0000000
  1251      0.0000000      0.0000000
  1252      0.0000000      0.0000000
  1253      0.0000000      0.0000000
  1254      0.0000000      0.0000000
  1255      0.0000000      0.0000000
  1256      0.0000000      0.0000000
  1257      0.0000000      0.0000000
  1258      0.0000000      0.0000000
  1259      0.0000000      0.0000000
  1260      0.0000000      0.0000000
  1261      0.0000000      0.0000000
  1262      0.0000000      0.0000000
  1263      0.0000000      0.0000000
  1264      0.0000000      0.0000000
  1265      0.0000000      0.0000000
  1266      0.0000000      0.0000000
  1267      0.0000000      0.0000000
  1268      0.0000000      0.0000000
  1269      0.0000000      0.0000000
  1270      0.0000000      0.0000000
  1271      0.0000000      0.0000000
  1272      0.0000000      0.0000000
  1273      0.0000000      0.0000000
  1274      0.0000000      0.0000000
  1275      0.0000000      0.0000000
  1276      0.0000000      0.0000000
  1277      0.0000000      0.0000000
  1278      0.0000000      0.0000000
  1279      0.0000000      0.0000000
  1280      0.0000000      0.0000000
  1281      0.0000000      0.0000000
  1282      0.0000000      0.0000000
  1283      0.0000000      0.0000000
  1284      0.0000000      0.0000000
  1285      0.0000000      0.0000000
  1286      0.0000000      0.0000000
  1287      0.0000000      0.0000000
  1288      0.0000000      0.0000000
  1289      0.0000000      0.0000000
  1290      0.0000000      0.0000000
  1291      0.0000000      0.0000000
  1292      0.0000000      0.0000000
  1293      0.0000000      0.0000000
  1294      0.0000000      0.0000000
  1295      0.0000000      0.0000000
  1296      0.0000000      0.0000000
  1297      0.0000000      0.0000000
  1298      0.0000000      0.0000000
  1299      0.0000000      0.0000000
  1300      0.0000000      0.0000000
  1301      0.0000000      0.0000000
  1302      0.0000000      0.0000000
  1303      0.0000000      0.0000000
  1304      0.0000000      0.0000000
  1305      0.0000000      0.0000000
  1306      0.0000000      0.0000000
  1307      0.0000000      0.0000000
  1308      0.0000000      0.0000000
  1309      0.0000000      0.0000000
  1310      0.0000000      0.0000000
  1311      0.0000000      0.0000000
  1312      0.0000000      0.0000000
  1313      0.0000000      0.0000000
  1314      0.0000000      0.0000000
  1315      0.0000000      0.0000000
  1316      0.0000000      0.0000000
  1317      0.0000000      0.0000000
  1318      0.0000000      0.0000000
  1319      0.0000000      0.0000000
  1320      0.0000000      0.0000000
  1321      0.0000000      0.0000000
  1322      0.0000000      0.0000000
  1323      0.0000000      0.0000000
  1324      0.0000000      0.0000000
  1325      0.0000000      0.0000000
  1326      0.0000000      0.0000000
  1327      0.0000000      0.0000000
  1328      0.0000000      0.0000000
  1329      0.0000000      0.0000000
  1330      0.0000000      0.0000000
  1331      0.0000000      0.0000000
  1332      0.0000000      0.0000000
  1333      0.0000000      0.0000000
  1334      0.0000000      0.0000000
  1335      0.0000000      0.0000000
  1336      0.0000000      0.0000000
  1337      0.0000000      0.0000000
  1338      0.0000000      0.0000000
  1339      0.0000000      0.0000000
  1340      0.0000000      0.0000000
  1341      0.0000000      0.0000000
  1342      0.0000000      0.0000000
  1343      0.0000000      0.0000000
  1344      0.0000000      0.0000000
  1345      0.0000000      0.0000000
  1346      0.0000000      0.0000000
  1347      0.0000000      0.0000000
  1348      0.0000000      0.0000000
  1349      0.0000000      0.0000000
  1350      0.0000000      0.0000000
  1351      0.0000000      0.0000000
  1352      0.0000000      0.0000000
  1353      0.0000000      0.0000000
  1354      0.0000000      0.0000000
  1355      0.0000000      0.0000000
  1356      0.0000000      0.0000000
  1357      0.0000000      0.0000000
  1358      0.0000000      0.0000000
  1359      0.0000000      0.0000000
  1360      0.0000000      0.0000000
  1361      0.0000000      0.0000000
  1362      0.0000000      0.0000000
  1363      0.0000000      0.0000000
  1364      0.0000000      0.0000000
  1365      0.0000000      0.0000000
  1366      0.0000000      0.0000000
  1367      0.0000000      0.0000000
  1368      0.0000000      0.0000000
  1369      0.0000000      0.0000000
  1370      0.0000000      0.0000000
  1371      0.0000000      0.0000000
  1372      0.0000000      0.0000000
  1373      0.0000000      0.0000000
  1374      0.0000000      0.0000000
  1375      0.0000000      0.0000000
  1376      0.0000000      0.0000000
  1377      0.0000000      0.0000000
  1378      0.0000000      0.0000000
  1379      0.0000000      0.0000000
  1380      0.0000000      0.0000000
  1381      0.0000000      0.0000000
  1382      0.0000000      0.0000000
  1383      0.0000000      0.0000000
  1384      0.0000000      0.0000000
