# Cluster    x          y           z          Q_l( 4)     Q_l( 6)     Q_l( 8)     Q_l(10)     Q_l(12)
    1   349.80072   511.65585   147.79816     0.06605     0.29821     0.21799     0.15474     0.27071
    2   362.43698   449.98755    85.63454     0.07816     0.30079     0.18932     0.20225     0.33100
    3   548.03052   348.81833    17.97427     0.08141     0.32190     0.20603     0.24799     0.31176
    4   491.52448   632.03949   443.18701     0.08610     0.25205     0.19834     0.14369     0.26019
    5   443.60312   278.86768   219.49104     0.05856     0.28684     0.24896     0.23610     0.28036
    6   572.52234   526.02063   176.35619     0.12887     0.21756     0.29943     0.27053     0.29611
    7   390.83401   605.90826    73.73199     0.13949     0.30816     0.25734     0.26822     0.31542
    8   319.78979   524.11743   623.82275     0.09487     0.21701     0.23230     0.26275     0.34596
    9    67.89262   166.25948   566.44489     0.12173     0.29464     0.25642     0.24928     0.26862
   10   200.98309   555.93243   628.88025     0.11344     0.23261     0.19570     0.19889     0.31607
   11   281.58749   329.29895    28.06837     0.09205     0.24108     0.22256     0.16198     0.23567
   12   487.84882   494.01001   174.60622     0.10395     0.23368     0.21014     0.21797     0.33522
   13    65.28690   304.29044   505.79739     0.08361     0.23977     0.29064     0.24333     0.23225
   14   401.51749   468.97366   538.38147     0.12184     0.28387     0.26201     0.23569     0.30552
   15   221.52327   204.39098   426.81854     0.12584     0.27889     0.15446     0.12086     0.27493
   16    26.14326    94.32677   426.41901     0.11564     0.22361     0.16778     0.17178     0.24846
   17   272.37112   604.33337   653.70410     0.10852     0.31992     0.21020     0.19263     0.30280
   18    71.31635   386.80722   432.01587     0.12471     0.20893     0.20197     0.25806     0.30429
   19   130.02158   105.12583   207.74231     0.08125     0.28813     0.21471     0.20117     0.28459
   20   572.30872   358.67380   241.87975     0.10585     0.29383     0.20222     0.22346     0.22557
   21   370.29767   325.25797   170.31258     0.07726     0.22838     0.23755     0.17194     0.24042
   22   429.90460   383.46222   304.75247     0.09155     0.28204     0.20822     0.14971     0.28013
   23   475.72931   550.57666   468.41360     0.11775     0.30041     0.22539     0.23199     0.39045
   24     5.59491   515.14105    65.65442     0.08081     0.23764     0.15149     0.19683     0.35813
   25   237.80920   473.20465   615.35175     0.04071     0.23323     0.20356     0.18345     0.24322
   26   637.48761   315.41965   289.55887     0.12988     0.23487     0.25726     0.18508     0.26562
   27    20.57254   241.50668   264.87772     0.05349     0.26895     0.19136     0.14647     0.31536
   28   268.41373   642.23804   430.67471     0.05957     0.22990     0.19052     0.21248     0.32154
   29   117.40394   435.99039   197.39745     0.10965     0.25733     0.21626     0.22132     0.38388
   30   240.54846    56.48931   584.45294     0.08995     0.21512     0.26422     0.16521     0.24964
   31   234.62381    68.00645   173.98242     0.15416     0.22227     0.21929     0.19479     0.28233
   32   328.66898    39.66352   461.09125     0.09429     0.31910     0.26005     0.18270     0.33498
   33   329.24106   572.71411   430.98538     0.07522     0.23148     0.27124     0.29349     0.30676
   34   213.36884   208.08385   337.51563     0.08674     0.29279     0.17593     0.23291     0.26612
   35    29.37767   445.56610   203.87611     0.07089     0.27278     0.25852     0.26695     0.28213
   36   202.64404    80.66631    27.28169     0.09984     0.25254     0.23795     0.17688     0.25207
   37    17.31867   514.70789   574.11877     0.12159     0.19770     0.24162     0.22678     0.31877
   38    64.26199   225.21457   629.16516     0.10025     0.27048     0.18744     0.22577     0.26442
   39   318.27017   219.94290   296.90533     0.07652     0.30125     0.23253     0.17089     0.34376
   40   527.79730   442.17700   561.40173     0.09458     0.23279     0.24753     0.26283     0.31535
   41   564.03693   563.29822   595.03021     0.08023     0.22632     0.24644     0.18523     0.23980
   42   273.68683   241.28052   583.12433     0.11787     0.28090     0.20834     0.25923     0.23145
   43   330.88501   153.16725    61.04214     0.09763     0.21952     0.16611     0.15386     0.29974
   44   264.09415   603.76917   283.51807     0.11066     0.33371     0.24673     0.23713     0.34662
   45   479.34573   550.38947   240.05342     0.06152     0.21818     0.22761     0.21534     0.30934
   46   245.83925   500.13840   176.92712     0.09730     0.24559     0.21166     0.23043     0.30242
   47   157.23247     9.82019    59.04307     0.06464     0.30210     0.19958     0.20262     0.27580
   48   573.52203   206.31679   430.13907     0.09246     0.25478     0.21712     0.22991     0.37806
   49    29.31872   588.90479   112.71378     0.11513     0.23252     0.26556     0.23526     0.30333
   50   193.84700   221.21333    90.35278     0.10722     0.24223     0.18965     0.18246     0.24467
   51   304.50366   456.36487    15.60674     0.09857     0.28080     0.22418     0.17608     0.30244
   52   650.25330     5.26400    36.19170     0.11354     0.29441     0.18115     0.17623     0.27887
   53   108.46775   651.54517   415.08606     0.10239     0.28554     0.16983     0.20688     0.30805
   54   286.66611   127.14249   439.53900     0.08536     0.28048     0.23736     0.20940     0.33937
   55    80.26218   651.53687   545.09753     0.13490     0.19203     0.24557     0.20930     0.30732
   56   513.52124   412.82999   192.92749     0.10155     0.24069     0.17146     0.17178     0.27245
   57   348.81271   237.62292    68.01529     0.08955     0.26062     0.26986     0.21123     0.28496
   58   275.91748    16.96084    37.36504     0.13063     0.33119     0.28204     0.26153     0.34718
   59   227.42938   316.68329   617.38135     0.08835     0.29203     0.16861     0.19567     0.28388
   60   184.73621    40.16353   420.30127     0.09951     0.25968     0.21961     0.16688     0.31543
   61   245.70576   552.20142   415.74341     0.09044     0.25715     0.21829     0.22081     0.29643
   62    79.10686   394.23306   100.30966     0.10841     0.28940     0.18011     0.21074     0.35219
   63   156.79680   163.77823    29.06099     0.07759     0.29862     0.14269     0.16354     0.32575
   64   320.53946    14.04524   627.95624     0.09008     0.18439     0.21962     0.15578     0.40444
   65   425.13858   245.66655   393.16403     0.08990     0.25821     0.22760     0.19615     0.27154
   66   588.70648   371.38037   335.21893     0.08654     0.16457     0.25648     0.19772     0.24471
   67   123.00836   225.70522   324.76221     0.09965     0.26521     0.19511     0.18797     0.22797
   68   278.42700   521.56024   335.21680     0.07188     0.26767     0.21429     0.25211     0.35258
   69   559.81000   328.79288   592.85779     0.15322     0.29781     0.15514     0.21550     0.32283
   70    65.32491   368.42139   184.73602     0.05905     0.30474     0.18424     0.21515     0.27795
   71   640.55737   457.39749   511.06567     0.07821     0.36178     0.22153     0.21932     0.36772
   72   467.96564    71.55093   656.20569     0.13447     0.28442     0.19734     0.27807     0.40499
   73    29.66618   525.92017   482.02438     0.10172     0.16407     0.26082     0.24941     0.28889
   74    92.67908   457.61917    44.86437     0.09097     0.22558     0.23417     0.20783     0.28666
   75   548.85938   274.41425   248.28877     0.09321     0.20212     0.20368     0.21007     0.38739
   76   398.45227    65.83694   336.96237     0.11142     0.26255     0.23252     0.19118     0.20100
   77   596.52875   208.66341   264.95316     0.09979     0.24584     0.24472     0.20181     0.26838
   78   443.95618   116.98801   140.15323     0.10148     0.22397     0.22316     0.10489     0.31705
   79   518.16406   638.36151   285.36746     0.06284     0.25346     0.18590     0.19091     0.33146
   80   466.32291   578.04413   639.15411     0.14233     0.20206     0.22890     0.25701     0.27363
   81    73.61213    19.05745    60.43238     0.11639     0.26284     0.19921     0.16985     0.31976
   82   652.99707     2.47883   206.44504     0.14019     0.27444     0.22177     0.18439     0.30596
   83   561.82135    59.07988    10.35283     0.07158     0.26955     0.21406     0.24343     0.28174
   84   415.83633   518.82202    89.72781     0.14154     0.31304     0.26298     0.31233     0.37137
   85   502.26956    86.91091    74.09212     0.05674     0.30652     0.21853     0.21469     0.27778
   86   472.73630    23.58256   515.08441     0.08616     0.30843     0.21020     0.18447     0.31617
   87   145.49510   224.39017   165.57993     0.07494     0.22654     0.24349     0.21462     0.27677
   88    42.11887   625.28101   467.43921     0.07074     0.15421     0.20529     0.19311     0.28597
   89    10.98694   433.52841    59.31039     0.07065     0.29927     0.20703     0.23709     0.31435
   90    93.08441   643.77777   135.79533     0.12283     0.25607     0.15577     0.24106     0.23308
   91   419.77124   292.64206    77.62812     0.08909     0.24463     0.21784     0.21221     0.25407
   92   544.73792   476.50800   248.15665     0.07555     0.25998     0.23638     0.26463     0.35953
   93   142.51907   293.45590   102.14489     0.09450     0.29012     0.20693     0.16308     0.23100
   94     4.95078   443.35034   434.57336     0.07201     0.29849     0.17894     0.25319     0.38909
   95   523.72528   493.86880   417.56757     0.07715     0.14592     0.18107     0.21391     0.33999
   96    52.71399   477.19244   126.57758     0.05547     0.28107     0.19560     0.22305     0.25222
   97   109.65009    82.13887   425.04410     0.11132     0.28379     0.21997     0.20964     0.32120
   98   551.51324    64.96032   575.95703     0.09573     0.21096     0.20599     0.18624     0.33136
   99   209.87445   644.04767   492.76300     0.08246     0.24248     0.20523     0.25388     0.32960
  100   588.11957   135.16455   307.91861     0.11621     0.22987     0.18011     0.26480     0.29276
  101   320.86255   394.26581   312.29510     0.06317     0.19143     0.15311     0.20991     0.33549
  102   301.63617   308.10999   305.52567     0.11033     0.28496     0.20660     0.23877     0.38471
  103   147.84953   601.67053   208.17313     0.13228     0.33142     0.17750     0.19899     0.36375
  104   486.88797   248.21710   308.77029     0.09103     0.25686     0.17670     0.19755     0.25738
  105   429.19351    36.16620    94.61633     0.09277     0.23365     0.23646     0.21192     0.28187
  106   101.07130   550.86542   143.89322     0.09377     0.24793     0.21447     0.20401     0.29938
  107   313.83759   464.66687   558.12854     0.04223     0.22044     0.13246     0.16049     0.29558
  108    47.83667   597.99963    26.53209     0.09710     0.30983     0.23564     0.25715     0.27099
  109   219.11800   340.36856   102.84354     0.07171     0.23068     0.19370     0.25083     0.35683
  110   305.03268   395.21555   616.93060     0.12935     0.25409     0.23305     0.17551     0.29724
  111   291.73529   393.30038    86.35000     0.09163     0.22933     0.25282     0.17350     0.28146
  112   421.10791   186.00917   201.97281     0.08121     0.22440     0.28334     0.27964     0.25916
  113   356.82416   135.52754   639.94641     0.13670     0.27916     0.15797     0.24580     0.36932
  114   583.09003   369.87204   154.83366     0.06538     0.39795     0.17900     0.20662     0.32517
  115   199.51283   430.31839   234.09117     0.12320     0.17246     0.14425     0.17565     0.27514
  116   416.41751   388.67203   476.26630     0.06904     0.23692     0.17602     0.17522     0.22056
  117   426.95441   432.91989    21.40132     0.06969     0.24044     0.22534     0.25933     0.33583
  118   609.73627   108.92806   623.04163     0.05402     0.30233     0.21616     0.27216     0.37282
  119   423.34125   116.58215    57.59320     0.06826     0.23632     0.18589     0.19759     0.30937
  120   354.22473   598.78986   154.28780     0.09187     0.26773     0.24828     0.13402     0.39473
  121   506.54361     2.60253    41.30476     0.11355     0.29764     0.20128     0.20662     0.30598
  122   484.80334   329.23819   272.52661     0.10943     0.25678     0.22251     0.25877     0.26010
  123   142.76785   205.26799   467.60565     0.06860     0.32500     0.20723     0.24700     0.32262
  124    52.97122   281.62286   335.26501     0.07630     0.27929     0.21223     0.23237     0.33590
  125   432.37656   626.93182   136.77774     0.16151     0.35529     0.27188     0.25818     0.30867
  126   191.38670   550.23279   127.40092     0.08936     0.27221     0.26388     0.25740     0.32775
  127   629.27222   501.19290   245.94058     0.11001     0.23421     0.22012     0.29023     0.39996
  128   210.65469     5.02433   646.66675     0.13096     0.29416     0.20022     0.25499     0.32715
  129   257.44284   539.29553   564.06018     0.09047     0.26296     0.17736     0.20755     0.37113
  130   124.10783   153.00250   127.74847     0.10324     0.22442     0.21470     0.19186     0.28381
  131   168.88960   143.57912   305.79242     0.09529     0.27624     0.20530     0.23505     0.31104
  132   580.83807   140.82182   219.37291     0.07326     0.30706     0.23853     0.20723     0.35602
  133   504.38406   366.96292   110.42194     0.10722     0.20171     0.24713     0.22085     0.28435
  134   252.21283   534.02173    37.20403     0.06255     0.28351     0.19246     0.18762     0.25804
  135    13.05174   158.39267   642.63013     0.10174     0.26244     0.20702     0.24485     0.28178
  136   371.99362   417.04758   245.23466     0.10291     0.24946     0.13753     0.18018     0.29474
  137    78.33461   517.53894   222.23833     0.06096     0.21943     0.18677     0.17373     0.29716
  138   358.97168    59.97651    34.86877     0.08016     0.22314     0.24378     0.25867     0.31549
  139    77.74940   232.03955   116.99300     0.11922     0.26171     0.21508     0.17630     0.34506
  140   222.71024   349.86478   192.74545     0.09702     0.29603     0.16090     0.20848     0.30946
  141   487.44696   244.59908   146.97284     0.10721     0.18814     0.26169     0.20546     0.29771
  142   471.47043   306.74664   614.99854     0.07447     0.19836     0.26564     0.21062     0.27771
  143   207.66702   125.54070   102.05153     0.07587     0.24332     0.20467     0.22293     0.25371
  144   249.12762   167.35103    35.01503     0.12871     0.28488     0.15274     0.21291     0.30174
  145   302.21481   185.70886   217.66336     0.07090     0.13835     0.19613     0.21712     0.29102
  146    19.60203   348.09485    57.70046     0.07488     0.32352     0.23993     0.17109     0.28783
  147   472.08456   168.73781   527.78436     0.11475     0.20507     0.22659     0.14458     0.22975
  148   631.33759    72.21693   254.29152     0.03498     0.25186     0.17686     0.19604     0.27359
  149   337.03403   565.01068   293.75995     0.11025     0.26060     0.25625     0.18909     0.25228
  150   377.31253   181.36598   358.06027     0.11291     0.29909     0.26210     0.22698     0.29283
  151   245.98775   163.79005   608.43378     0.15172     0.18561     0.29491     0.25348     0.28100
  152    31.82096   264.12457    48.47129     0.06359     0.27904     0.19569     0.19081     0.24229
  153   364.97617   301.82159     7.53580     0.10585     0.32836     0.25505     0.23078     0.34147
  154   222.47043   180.08504   174.99614     0.10199     0.28658     0.22184     0.25295     0.30633
  155   189.75514   124.83300   449.45377     0.06700     0.17401     0.21360     0.18264     0.26268
  156   456.80392   474.12537   613.75385     0.13712     0.20007     0.20637     0.18651     0.29323
  157   563.45142   222.15956   181.97429     0.13607     0.20174     0.21917     0.18768     0.25944
  158   640.94806   261.50845   632.46460     0.13391     0.26228     0.18501     0.18050     0.29818
  159   435.86865   186.04622   285.35873     0.10699     0.27548     0.21622     0.22300     0.29122
  160    54.77058     8.02536   629.42029     0.09323     0.28253     0.19474     0.16472     0.26425
  161    22.45673   136.26715   499.75629     0.11420     0.28273     0.23649     0.19123     0.37317
  162   232.86101   597.87366   199.01920     0.07985     0.19224     0.27427     0.19199     0.34984
  163   467.78326    88.84298   573.81555     0.09166     0.27879     0.25874     0.19031     0.30668
  164   522.68896   606.90265   524.06696     0.06319     0.20353     0.19641     0.17883     0.27310
  165   375.65399    99.76231   415.27548     0.09048     0.32399     0.26029     0.25422     0.42108
  166   502.58853   285.86142    65.73914     0.11839     0.26623     0.26616     0.20381     0.31899
  167   309.94907   551.41663   215.84799     0.07646     0.33238     0.24339     0.18935     0.37616
  168   575.39203   360.31509   455.68506     0.11193     0.25241     0.21088     0.21440     0.33451
  169    75.48002    39.59781   206.13660     0.07133     0.25138     0.16062     0.14036     0.25643
  170   141.13260   193.49422   605.27002     0.11285     0.17103     0.18578     0.18409     0.28465
  171   212.82674   427.84631   134.69391     0.08945     0.25647     0.20592     0.21187     0.34615
  172   405.31030   367.45456   623.10229     0.07279     0.22012     0.22057     0.19300     0.31063
  173   632.94055    32.89646   620.35162     0.04902     0.27781     0.21590     0.26782     0.35721
  174   495.03891   388.06375   623.49780     0.08527     0.26872     0.22382     0.23094     0.31045
  175    19.18024   407.50958   577.94873     0.10801     0.26120     0.26177     0.26586     0.31888
  176   500.60535    58.33988   434.38617     0.10152     0.27499     0.16759     0.17789     0.24019
  177     9.46707   151.70586   283.27487     0.10618     0.18521     0.17043     0.23165     0.28403
  178   286.96616   503.12045   480.46432     0.14522     0.24129     0.20778     0.25384     0.30878
  179   146.51543    15.60784   343.84085     0.12653     0.22414     0.19289     0.16275     0.31331
  180   266.54431   457.52420   276.30438     0.15963     0.19243     0.24208     0.23775     0.35875
  181    23.84089    91.23801   586.03912     0.08670     0.23903     0.20174     0.18926     0.25660
  182   586.73865   467.54941   322.02283     0.09136     0.23019     0.30989     0.26774     0.34519
  183   314.46411   259.18488   149.73959     0.06684     0.32677     0.25029     0.23529     0.35632
  184   164.14467   516.04089   201.28329     0.06551     0.27867     0.20913     0.19707     0.33487
  185   397.41959   530.71747   473.71240     0.12213     0.22847     0.19457     0.14954     0.23391
  186   468.27332   237.13620   473.84579     0.13491     0.23988     0.23528     0.18907     0.37097
  187   586.24957   643.23309   569.77502     0.07572     0.27207     0.22913     0.23040     0.30650
  188   323.09869   639.26880   227.71957     0.08213     0.26705     0.29725     0.26331     0.31281
  189   103.43456   248.63928   244.29416     0.07296     0.17492     0.24357     0.19269     0.35826
  190   216.09084   608.20038    61.47169     0.06282     0.20397     0.19450     0.20685     0.17835
  191   450.44128   542.88641   388.19397     0.12917     0.30306     0.23838     0.17073     0.38744
  192    14.30622   243.05666   558.55579     0.09414     0.30755     0.21591     0.20370     0.33893
  193    66.27298    77.30711   130.85152     0.08449     0.26741     0.16009     0.17268     0.26877
  194   241.16589   363.84753   281.15823     0.10301     0.16341     0.21665     0.14636     0.29547
  195   478.98224   501.95605    30.81094     0.06658     0.24178     0.20837     0.22794     0.33791
  196   167.13660   387.86194   425.90228     0.12133     0.29118     0.27761     0.25607     0.28015
  197   354.19199   145.73555   280.00018     0.10098     0.31538     0.26974     0.25446     0.30402
  198   296.16074   273.43063   454.78540     0.05782     0.26487     0.22072     0.23829     0.31675
  199   652.06720   326.28165   564.18610     0.05887     0.24674     0.14247     0.20022     0.38704
  200   601.65057   295.75098   401.46088     0.10691     0.26771     0.17787     0.23273     0.28931
  201   153.79924   405.76535   315.98300     0.11547     0.22264     0.28061     0.18448     0.32157
  202   495.91571   146.22444   202.82884     0.08636     0.24733     0.16064     0.18403     0.29374
  203   334.51563   528.90961    58.96926     0.07512     0.29758     0.26709     0.22086     0.30965
  204   210.22287   117.42420   236.84106     0.14316     0.20129     0.25129     0.17475     0.27829
  205   366.24710    55.43508   257.29633     0.14228     0.26465     0.23626     0.24261     0.37427
  206   129.09026   597.84479   349.25696     0.10506     0.20915     0.20617     0.15964     0.36315
  207   230.38535   530.16553   254.82352     0.08995     0.32900     0.19644     0.21959     0.34860
  208    95.00859   157.72771   271.83582     0.07812     0.29881     0.26397     0.29915     0.33644
  209   105.82166    73.32057   566.38568     0.10713     0.23354     0.19301     0.18135     0.31745
  210   659.13538    91.43975   341.48123     0.06904     0.37644     0.15591     0.21672     0.27212
  211   503.84933    10.53510   137.36061     0.13085     0.20727     0.20491     0.20260     0.34704
  212   392.35992   639.92712   583.53180     0.14037     0.29712     0.32133     0.27151     0.34130
  213   155.95612   452.15051   481.56668     0.08887     0.28297     0.23616     0.23187     0.25667
  214   567.83893     4.12811   415.01651     0.07719     0.21107     0.23250     0.18122     0.21578
  215   527.56671   518.56458    97.39955     0.10397     0.24375     0.24255     0.20692     0.32307
  216   420.36368   538.70050   306.69385     0.08797     0.23369     0.22200     0.23025     0.40682
  217   454.31131   242.65057     9.25492     0.10818     0.18307     0.29560     0.25584     0.27427
  218   512.07550   201.86026   606.91113     0.10498     0.31724     0.17185     0.29163     0.29132
  219   185.06920   309.49091    27.30856     0.07555     0.27001     0.19152     0.17689     0.32021
  220   560.63184   151.21466   551.15784     0.08826     0.23433     0.17980     0.16404     0.26757
  221   175.93913   114.12968   606.70441     0.13928     0.22213     0.32227     0.23010     0.31777
  222   114.18090   130.69537   501.03668     0.07197     0.21246     0.14270     0.16560     0.36064
  223   271.67450   195.25410   114.13971     0.11361     0.28176     0.18126     0.23027     0.30295
  224   141.26314   299.57193   460.37286     0.09721     0.23257     0.28739     0.23753     0.32254
  225   318.28632   102.56445   348.47144     0.06081     0.22338     0.25157     0.23034     0.33294
  226   594.23486   622.08893   339.32468     0.13799     0.17433     0.22710     0.19433     0.31489
  227    13.63029   593.64203   541.50104     0.11795     0.27408     0.18258     0.25609     0.34345
  228   395.54221   199.08498   505.14261     0.16563     0.19555     0.29509     0.25657     0.32146
  229   344.89084     9.09704   381.86343     0.08312     0.18796     0.22898     0.25941     0.29190
  230    89.47747   242.44106   408.22949     0.09578     0.30722     0.21933     0.17618     0.33323
  231   510.45499   351.90753   517.73694     0.11267     0.19212     0.25252     0.25905     0.27164
  232   584.77374   425.49573   402.96255     0.08045     0.28429     0.21783     0.23176     0.29720
  233   641.13025   587.54932   240.27937     0.16910     0.19590     0.22266     0.31386     0.35684
  234   282.90277    92.98351   653.25446     0.07370     0.27105     0.20052     0.23200     0.33929
  235   645.02405   178.36371    54.34912     0.11685     0.28838     0.14661     0.14877     0.44513
  236   353.30359   181.49016   138.99733     0.10493     0.25448     0.14614     0.21142     0.25837
  237   363.08627    97.28708   116.12168     0.12199     0.37854     0.29147     0.30820     0.37245
  238   277.01736   647.46838   143.86316     0.06589     0.23127     0.31374     0.25382     0.32206
  239   441.08261   385.76355   386.71350     0.09055     0.27375     0.15958     0.16596     0.29318
  240   244.20816    13.46432   241.87289     0.08928     0.19948     0.27807     0.21251     0.33410
  241   143.22325   363.39362   237.74757     0.06046     0.26156     0.17373     0.20119     0.28529
  242   631.52441    85.51696   166.09842     0.06700     0.30225     0.25238     0.18340     0.33249
  243   400.96072   133.43895   559.04840     0.06556     0.31726     0.19477     0.24006     0.29052
  244   194.55539   176.43022   530.73352     0.04511     0.22154     0.12978     0.22391     0.25858
  245    92.98486   123.96327   640.11829     0.09268     0.21510     0.23645     0.14719     0.37972
  246   258.85938   121.84097   534.38947     0.10998     0.25656     0.19717     0.24238     0.29102
  247   166.29648   516.29047    45.48686     0.16385     0.22435     0.20359     0.24294     0.31205
  248   428.58194   173.70882   432.86816     0.11546     0.26223     0.21126     0.22696     0.25434
  249    39.15361   269.55774   181.89816     0.04631     0.25204     0.18439     0.13068     0.30612
  250   530.55841    64.72717   258.92694     0.06609     0.23643     0.26756     0.19131     0.28319
  251   572.47412   629.62787   656.25140     0.08137     0.28057     0.20080     0.20232     0.29692
  252     8.83754   372.50943   491.79825     0.02693     0.28539     0.18142     0.21351     0.29879
  253    81.64012   119.65099   352.18036     0.06712     0.23982     0.23318     0.16744     0.28965
  254   510.01779   598.46228   363.38654     0.07740     0.19543     0.26326     0.21391     0.25909
  255   233.92917   130.94516   374.39780     0.06294     0.31138     0.14152     0.26089     0.34376
  256    26.23414   153.84401   126.85042     0.08754     0.34046     0.22651     0.23379     0.38717
  257   387.02307    44.14871   528.53784     0.10078     0.26430     0.26916     0.21994     0.34657
  258   162.31633   319.92291   544.06598     0.07537     0.21631     0.21028     0.18242     0.28870
  259   581.99060    28.96610    94.07735     0.09269     0.21511     0.28021     0.22834     0.28362
  260   233.91112   655.90662   352.51160     0.09276     0.26424     0.26426     0.23712     0.32396
  261   207.97606   376.41476   499.03687     0.09323     0.31643     0.15774     0.20238     0.21104
  262   202.80536   232.28423   656.33344     0.05296     0.31985     0.19450     0.17685     0.26033
  263   223.69392    66.33792   307.76013     0.04871     0.20078     0.18619     0.18041     0.21688
  264   162.44597    23.54299   215.03461     0.14479     0.28851     0.20361     0.18915     0.30363
  265   624.49591   480.26678   127.18925     0.10196     0.25009     0.27776     0.21266     0.30230
  266   519.14569   163.63406   121.47880     0.06483     0.25762     0.20210     0.15973     0.30465
  267   236.18718   398.32571     5.39223     0.09088     0.28278     0.23783     0.22291     0.34505
  268   426.73294   316.83545   528.11322     0.10159     0.20630     0.18128     0.18014     0.24378
  269   398.67151   515.93591     3.74318     0.07082     0.33650     0.28273     0.32454     0.36304
  270    64.72797    36.27079   351.54913     0.09398     0.26048     0.17617     0.19315     0.34885
  271   495.93149   655.86804   607.78394     0.12481     0.21836     0.20488     0.21039     0.24173
  272   611.15070   617.13550   488.98273     0.13056     0.30363     0.27712     0.21315     0.32810
  273   163.06912   403.11380    63.89672     0.10672     0.22991     0.28521     0.22175     0.27975
  274   258.71063   312.46854   527.92896     0.07333     0.17672     0.16692     0.18311     0.26568
  275   590.37378   189.33521   646.57562     0.08177     0.24496     0.15391     0.20919     0.25588
  276   324.52045   171.02859   566.03217     0.11690     0.22482     0.17278     0.17521     0.33181
  277   600.25244   390.80017    72.49207     0.04674     0.23122     0.19209     0.19087     0.25243
  278   459.36057   351.85904    32.49968     0.08901     0.31437     0.25773     0.23133     0.25347
  279   336.41223   349.82562   471.35721     0.15273     0.22634     0.21749     0.27142     0.34904
  280   154.19783   369.81046   635.21954     0.08974     0.29367     0.26147     0.27233     0.33440
  281   319.71234    54.46307   180.24046     0.14181     0.29654     0.21616     0.24417     0.36393
  282   104.70143   331.95090    39.79370     0.05058     0.28493     0.19587     0.25912     0.30526
  283    57.97246   604.97522   207.97731     0.07930     0.26045     0.21880     0.24153     0.34468
  284   347.17517   440.30978   473.03625     0.10123     0.19504     0.21148     0.18836     0.27880
  285   438.74634   372.10385   209.86263     0.10555     0.26817     0.19443     0.24475     0.42413
  286    36.99504   116.72803   205.46504     0.08230     0.26195     0.24196     0.19836     0.35073
  287   270.49832   398.63370   442.24323     0.08665     0.28791     0.16890     0.28399     0.29172
  288   478.08527   184.15421   363.07904     0.06667     0.24471     0.18912     0.21262     0.29157
  289   143.36882   477.95245   125.30738     0.04302     0.20873     0.15042     0.17783     0.25787
  290   645.01904   612.96826   622.79291     0.05345     0.25181     0.24711     0.25037     0.31846
  291   655.91174    17.07131   546.70361     0.05892     0.17628     0.24301     0.23169     0.27732
  292   593.76093   387.66852   540.27911     0.12985     0.19243     0.21467     0.17710     0.32421
  293   638.69843   549.46893   316.74213     0.08106     0.29849     0.21644     0.29188     0.26978
  294   145.29543   550.80652   279.73770     0.10575     0.29313     0.22793     0.18509     0.33900
  295   276.30054   590.67365   500.40213     0.07109     0.25399     0.12699     0.20991     0.27496
  296   290.00171   246.76923     5.08975     0.06159     0.16352     0.21929     0.24550     0.27083
  297   233.07404   453.94116   528.42926     0.06576     0.30750     0.18422     0.22283     0.35442
  298   472.11148   582.91968    66.84077     0.14242     0.18956     0.21844     0.25216     0.26480
  299   513.92352   258.43207   397.72556     0.07028     0.24519     0.14935     0.19993     0.30928
  300   585.32159    47.34603   326.10016     0.04538     0.19377     0.17266     0.19732     0.26239
  301   270.47437   201.86263   504.23697     0.12767     0.24758     0.17113     0.19671     0.29907
  302   324.41605    85.46735   573.34839     0.12883     0.24642     0.20418     0.22440     0.38411
  303   395.62134    63.19923   615.77399     0.11913     0.26905     0.24312     0.23337     0.38846
  304   543.04327    91.78423   152.96100     0.07481     0.28254     0.20818     0.21141     0.29822
  305   636.53778   293.68005   482.48752     0.12651     0.24398     0.22233     0.21846     0.27985
  306   626.64594   349.96964   643.33246     0.08924     0.25913     0.17910     0.17474     0.26634
  307    77.17419   189.01697   195.28873     0.05830     0.33192     0.24056     0.27603     0.37995
  308   618.35693   281.93329   203.77052     0.08610     0.25635     0.17908     0.22997     0.32366
  309   413.55948    30.68730   447.54626     0.10411     0.25325     0.22959     0.18656     0.31596
  310   488.49927   536.08600   564.02063     0.10392     0.12759     0.33219     0.35149     0.29810
  311   282.72681   478.29016   106.36371     0.10736     0.24928     0.19783     0.21412     0.30308
  312   421.85434   658.18488    12.88340     0.11714     0.26414     0.26466     0.23446     0.30720
  313   455.92410   459.42526   254.15358     0.06674     0.23457     0.19713     0.23407     0.23102
  314   431.41507   461.65582   431.00424     0.08047     0.29230     0.13995     0.21520     0.34744
  315   621.63922   530.86566   645.83661     0.08801     0.23179     0.31413     0.26059     0.37154
  316   290.28134   186.73346   370.71573     0.09113     0.22814     0.15787     0.17949     0.33920
  317   399.77405   257.73166   311.08286     0.11696     0.32521     0.22693     0.22838     0.31881
  318   588.06482   131.37480   463.15485     0.12837     0.18215     0.26631     0.22926     0.30455
  319    31.37353   360.36401   333.79962     0.08833     0.20492     0.17242     0.16085     0.32635
  320   155.55963   455.46860   644.24847     0.10651     0.28581     0.26380     0.20698     0.28803
  321   608.13647   611.71875   154.14189     0.11818     0.21232     0.24937     0.14945     0.29003
  322   318.86707   599.14038   576.66003     0.05454     0.34664     0.11735     0.20078     0.33718
  323   639.45715   584.83447   412.33566     0.10546     0.25071     0.22544     0.22980     0.28682
  324   270.61307   279.40359   228.37918     0.05077     0.24296     0.20000     0.17595     0.26537
  325   503.04489   582.03265   151.87164     0.12691     0.32474     0.29455     0.26308     0.35622
  326   504.78027   509.39752   323.85706     0.05316     0.30194     0.24327     0.23076     0.28179
  327   431.43219   197.05769    92.92233     0.15095     0.25276     0.33262     0.28044     0.30856
  328    64.71264   587.81897   602.56836     0.06893     0.30224     0.16779     0.24820     0.20834
  329   341.02466   408.72101   159.35876     0.08285     0.22362     0.19880     0.19677     0.20169
  330   562.76282    25.90224   496.93073     0.05413     0.29123     0.18820     0.18892     0.30357
  331   576.78369   540.26855   368.01743     0.06036     0.19647     0.19863     0.25421     0.30334
  332    80.12418   564.81158   421.83862     0.08359     0.27053     0.19243     0.22583     0.29630
  333    54.34095    72.99723   277.35660     0.08183     0.37000     0.23626     0.24144     0.39511
  334   590.97418   476.20871    49.93290     0.09880     0.33709     0.21532     0.21054     0.33266
  335   625.88995   205.71321   496.74121     0.09455     0.25776     0.24188     0.22440     0.39820
  336    58.43135    54.09673   494.91409     0.09369     0.30937     0.31858     0.25356     0.33196
  337   557.79919   205.97639   340.31699     0.12483     0.31541     0.27922     0.28692     0.36896
  338   148.29927   591.48962   565.21741     0.08076     0.26472     0.19001     0.23274     0.35698
  339   497.65411    35.89085   346.67117     0.11422     0.21993     0.27692     0.23794     0.31143
  340   545.73425   285.96979   477.26157     0.12562     0.32424     0.24365     0.22508     0.38104
  341   649.73792   191.88760   199.00426     0.08241     0.30096     0.21712     0.20415     0.30660
  342   343.54553   536.77325   531.04205     0.07411     0.33309     0.25781     0.24754     0.35985
  343   448.71692    32.31781   274.08047     0.08591     0.33763     0.27724     0.23534     0.23714
  344   123.87326   374.56613   500.10406     0.08070     0.32125     0.22209     0.30560     0.36152
  345   383.97470   278.80093   464.69604     0.10745     0.26191     0.22333     0.22057     0.35456
  346   545.16730   264.33426   654.30481     0.11467     0.22145     0.22996     0.17921     0.35450
  347   360.91742   594.88257   653.38116     0.07425     0.35361     0.16320     0.19820     0.28070
  348   643.50842   235.80275   120.59950     0.11635     0.19533     0.18275     0.18936     0.24600
  349    95.17599   648.22888   272.63437     0.06734     0.27410     0.26591     0.17149     0.23494
  350    50.16216   317.44125   639.44458     0.17181     0.36232     0.26745     0.25481     0.33486
  351   371.95712   513.42706   382.14609     0.08819     0.19825     0.20511     0.18240     0.26563
  352   183.44403    87.50656   527.61621     0.12772     0.31669     0.27207     0.32787     0.35920
  353    57.60314   400.07211   658.53168     0.04572     0.25096     0.26101     0.16249     0.25192
  354   414.23624   378.76004    99.13757     0.12301     0.17278     0.21095     0.19145     0.23576
  355    19.37473   510.29419   382.97903     0.05694     0.25294     0.19989     0.16622     0.29910
  356   407.10138   556.76697   581.87183     0.12295     0.23134     0.28168     0.28077     0.35000
  357   581.99402   243.76476   563.81384     0.05431     0.18651     0.19488     0.15108     0.26237
  358   119.54200   245.56070   542.06982     0.07544     0.21454     0.17596     0.13337     0.30128
  359   263.87204   266.69659    81.69416     0.10174     0.27524     0.18366     0.21540     0.29836
  360    36.01163   309.91263   418.78479     0.09754     0.24562     0.17264     0.21721     0.27949
  361   564.67896   291.04367   129.06738     0.06549     0.30736     0.13417     0.20337     0.30066
  362    85.82611   465.00565   589.51666     0.06583     0.19742     0.21931     0.22481     0.29388
  363    30.44795    79.62751    16.14248     0.06982     0.18867     0.23090     0.18530     0.24864
  364   205.49518   255.62012   495.06119     0.13004     0.33669     0.23064     0.20716     0.26357
  365   610.22021   293.23935    56.85036     0.08101     0.21792     0.13415     0.18331     0.24271
  366   139.49557    70.71218   283.97729     0.04977     0.26728     0.25078     0.18593     0.28739
  367   415.49777   449.25751   173.14738     0.04149     0.23807     0.20936     0.18442     0.25360
  368     7.94950     9.91057   117.73009     0.14706     0.23283     0.22620     0.20034     0.40815
  369   542.63885   485.65015   636.32410     0.10165     0.22050     0.26783     0.18877     0.32147
  370   231.21031   622.24707   574.21143     0.14173     0.21130     0.22414     0.24432     0.29834
  371   563.17419   449.30365   481.71295     0.09415     0.27938     0.30355     0.25572     0.32297
  372     1.90580   232.96410   424.09656     0.08028     0.26448     0.23171     0.25141     0.40053
  373   437.02426   606.95203   518.35498     0.12035     0.33605     0.23510     0.25253     0.35623
  374    70.17594   170.59273    46.32701     0.10233     0.32380     0.21412     0.26625     0.31149
  375   654.09143   322.13632   132.64734     0.09457     0.28354     0.29000     0.19581     0.26384
  376   507.06421   154.24832   451.52014     0.07269     0.19724     0.18233     0.21281     0.30292
  377   137.75812   621.91028   646.90741     0.07726     0.26369     0.23150     0.19861     0.29480
  378   124.77116   594.18353    71.18937     0.07869     0.28893     0.18641     0.20259     0.29948
  379   377.37793   332.44913   347.39963     0.12671     0.27863     0.18433     0.21819     0.33595
  380   634.34930   160.49277   380.62445     0.12294     0.26601     0.24057     0.21372     0.28082
  381     1.64850   533.11969   177.34494     0.13118     0.27417     0.21452     0.20772     0.34045
  382   363.62820   248.87105   229.08701     0.14591     0.33227     0.16732     0.25381     0.38474
  383    63.01012   216.96416   490.80908     0.19677     0.27476     0.21811     0.24788     0.31803
  384   499.13007   268.37076   547.75055     0.13802     0.15269     0.15584     0.25912     0.27904
  385   476.84952   471.02643   504.61087     0.11889     0.24397     0.14600     0.20786     0.23652
  386   575.22321    27.95757   188.87569     0.09086     0.21488     0.23199     0.30287     0.28934
  387   610.02130   505.72812   442.10822     0.05745     0.25378     0.21495     0.19061     0.26407
  388   268.91428   148.42867   294.24707     0.04846     0.25224     0.22923     0.21084     0.36001
  389   359.09894   627.00092   494.90833     0.07217     0.24195     0.29440     0.22257     0.28282
  390   159.84038   530.20374   406.30884     0.10413     0.19969     0.15743     0.19570     0.26855
  391    10.95463   652.08051   294.52878     0.07976     0.18148     0.24421     0.17065     0.28942
  392   346.22720   259.81567   536.99152     0.13145     0.24929     0.31281     0.27110     0.35785
  393   552.03809   600.38373   220.05659     0.07928     0.20911     0.27953     0.25480     0.31628
  394   501.15469   405.52084   449.74112     0.05670     0.26805     0.28685     0.26169     0.32321
  395   309.73611   606.47565    65.80929     0.08553     0.36187     0.25441     0.23625     0.39798
  396   356.19144   383.85284    33.17625     0.06738     0.28131     0.18696     0.14921     0.24491
  397   296.41351   604.31409   359.27243     0.08285     0.26771     0.24021     0.21865     0.30864
  398   168.99509   265.28290   384.58978     0.05769     0.26148     0.20309     0.19912     0.29973
  399   138.15228   304.44421   304.00287     0.12194     0.19488     0.16636     0.21046     0.32106
  400   129.03653   604.90253   484.81253     0.09197     0.25564     0.25337     0.22026     0.26865
  401   113.60356   330.92078   378.82870     0.08353     0.26638     0.22768     0.18862     0.34709
  402   340.87674   261.37811   376.35629     0.07902     0.34414     0.13745     0.19693     0.32528
  403    45.53622   197.04355   350.00195     0.11728     0.35086     0.29817     0.26309     0.35621
  404   300.06168    23.72914   304.63983     0.10808     0.27046     0.26657     0.25001     0.37187
  405   643.98761    90.17059    83.44357     0.13934     0.28833     0.23098     0.27944     0.28773
  406   134.56827   289.69992   619.49243     0.10314     0.21525     0.15151     0.19451     0.28754
  407   351.66507   128.19804   495.23871     0.06214     0.28937     0.24003     0.22021     0.34734
  408   514.74518   328.01938   189.72009     0.10689     0.28674     0.16942     0.22481     0.38216
  409   137.16388    31.25680   491.68546     0.08335     0.26032     0.17890     0.21170     0.28474
  410   523.77527   344.94986   385.15009     0.10147     0.23343     0.14741     0.20128     0.33022
  411   427.64896   550.81946   169.65556     0.11993     0.23319     0.16841     0.27311     0.32415
  412   302.81305   336.00522   389.79437     0.07482     0.30659     0.20575     0.20400     0.30926
  413   193.65332   489.05423   323.11218     0.11090     0.21690     0.21442     0.20956     0.30719
  414    61.32333   318.67773   258.94708     0.07468     0.22848     0.21666     0.21306     0.29397
  415   218.90062   272.96109   154.85303     0.08420     0.25746     0.20020     0.21135     0.42400
  416   315.29755   317.46198   594.68835     0.05794     0.20034     0.23474     0.17882     0.27737
  417   428.36139   218.58588   580.13525     0.10443     0.20562     0.27791     0.22144     0.27388
  418   281.15482    85.19522    80.91380     0.10033     0.26000     0.16145     0.22936     0.28654
  419   224.06377   322.05023   440.01624     0.13603     0.28471     0.25323     0.23365     0.30672
  420   168.24031   502.94760   565.09253     0.06789     0.27165     0.20336     0.13552     0.25337
  421   528.76471   120.73981   634.04041     0.07369     0.29428     0.17577     0.24331     0.34633
  422   434.84653   110.61225   244.75452     0.04757     0.27196     0.18429     0.22261     0.29283
  423   449.27792   398.41852   556.23981     0.13065     0.27417     0.14684     0.25350     0.30282
  424   148.83936    58.89952   134.74138     0.05770     0.24528     0.13240     0.21920     0.32182
  425   529.81940   121.21938   378.22141     0.08652     0.18461     0.25249     0.21448     0.30304
  426   369.67496   119.07117   197.09245     0.09347     0.34863     0.21556     0.25830     0.29354
  427   438.10983   103.26096   483.47629     0.04372     0.25227     0.15012     0.17250     0.25423
  428   558.23907   283.64139   327.34445     0.09547     0.20232     0.19429     0.19508     0.26025
  429   342.10544   324.17517    86.23106     0.09924     0.28998     0.25854     0.23614     0.36498
  430    38.31503   498.27548   653.62317     0.06953     0.20770     0.27497     0.21878     0.31986
  431    76.26975   158.96484   431.46191     0.07735     0.24958     0.21169     0.19337     0.31557
  432   202.79102   543.64191   497.88004     0.11577     0.24322     0.14690     0.19196     0.28680
  433   556.96991   577.36877   439.31122     0.09340     0.21514     0.22328     0.17756     0.29174
  434   468.55408   323.66080   443.41949     0.10751     0.17091     0.22448     0.19537     0.35497
  435   245.76070    61.12448   478.81494     0.09916     0.26232     0.21773     0.18852     0.24432
  436   409.33572   601.06396   435.05408     0.05551     0.26607     0.23088     0.25314     0.35077
  437   593.64282   652.55164   265.07538     0.07416     0.31076     0.23016     0.29290     0.36035
  438   248.88921   413.67163   355.83380     0.15628     0.28268     0.28206     0.21661     0.26244
  439    80.86591   425.62180   356.93686     0.09771     0.20489     0.20731     0.22745     0.29858
  440   220.85503   467.73965   420.36533     0.09055     0.30569     0.26422     0.21747     0.31868
  441   400.12799    17.62150   190.54710     0.09850     0.32275     0.30605     0.26340     0.38343
  442   562.35492   559.71259   289.13333     0.06112     0.28536     0.24491     0.25527     0.33025
  443   474.26996    61.12451   194.77002     0.08502     0.27231     0.23861     0.23567     0.25798
  444   148.78346   370.93362   148.61308     0.08491     0.26537     0.19622     0.20922     0.28360
  445   635.85120   246.32542   337.87851     0.15837     0.35810     0.25236     0.30140     0.40818
  446   536.63599   212.71182   501.04932     0.08509     0.28685     0.16489     0.23674     0.28808
  447    32.43773   478.44421   298.28159     0.04389     0.30755     0.25575     0.22594     0.31871
  448   546.49231   556.76147    20.77492     0.11521     0.22887     0.21443     0.22057     0.32633
  449   152.09627   167.60335   383.03177     0.05752     0.26896     0.21250     0.21642     0.30494
  450   361.46500   417.75052   387.09192     0.10542     0.18026     0.19413     0.16815     0.32473
  451   355.34921   223.95464   623.49506     0.16970     0.25872     0.35145     0.29246     0.33872
  452   120.91279   243.90648    36.68028     0.07380     0.25760     0.17124     0.17618     0.29541
  453   431.47992   459.07904   341.07431     0.11137     0.36160     0.24492     0.24658     0.35092
  454   159.39050   418.30966   563.11243     0.06361     0.27661     0.18804     0.19125     0.31893
  455   577.00793   130.14369    58.78522     0.07963     0.24537     0.23109     0.20035     0.33836
  456   339.52850   197.37276   440.24252     0.10497     0.29080     0.29593     0.23469     0.36037
  457   446.08044   150.05049   633.10010     0.11486     0.29012     0.23165     0.22309     0.29395
  458   344.38266    11.38236   100.59452     0.10267     0.26025     0.29226     0.25452     0.30830
  459   170.62059   199.28349   240.70290     0.11253     0.20366     0.21155     0.19431     0.25651
  460   506.04034   168.82199    33.41457     0.07017     0.30215     0.24736     0.27351     0.37540
  461   223.14758    32.03609    95.26204     0.11655     0.26589     0.21000     0.27197     0.32246
  462   642.30957   414.21118   273.66290     0.05493     0.22035     0.20879     0.21381     0.29068
  463   297.05130    10.93743   536.21057     0.11516     0.32494     0.25103     0.31147     0.41831
  464   515.02972   423.73508   355.73630     0.11527     0.34962     0.20964     0.22273     0.40330
  465    90.43851   477.87225   427.65857     0.07031     0.33389     0.18481     0.23536     0.30172
  466   188.56047   617.53119   414.69891     0.08067     0.24311     0.19513     0.19509     0.27139
  467    68.73476   441.81555   507.63937     0.06886     0.21227     0.24738     0.20262     0.21816
  468   448.89572   103.28645   390.22705     0.07749     0.35041     0.16111     0.24290     0.29238
  469   644.93030    33.87049   466.98535     0.15546     0.22474     0.19931     0.26094     0.28026
  470   165.55040    13.13256   571.18719     0.11335     0.24733     0.27377     0.21283     0.29453
  471   567.40125   217.29263    71.78998     0.14777     0.15312     0.16605     0.20282     0.30357
  472   554.34875   607.14496    86.53014     0.09863     0.13968     0.24703     0.27876     0.35133
  473   275.34250   562.33618   129.88307     0.10144     0.28867     0.23340     0.21742     0.33571
  474   119.36173   530.95355   635.43707     0.08984     0.22097     0.25069     0.18415     0.27987
  475    58.61945   567.61981   287.47845     0.08719     0.28515     0.23907     0.24055     0.28938
  476   640.13727   442.22781   645.95325     0.09872     0.31105     0.25514     0.19614     0.25261
  477   401.26337   598.55035   231.91685     0.10166     0.27407     0.23427     0.18931     0.31156
  478     0.06997   405.68686   133.46532     0.05261     0.30115     0.17428     0.18771     0.37040
  479   299.76981   472.65671   401.30316     0.10808     0.24090     0.18054     0.19918     0.35466
  480   305.87451   363.61795   232.06671     0.08305     0.23072     0.14775     0.18485     0.31985
  481   616.51563    87.78535   529.29456     0.07757     0.19298     0.20271     0.22374     0.27460
  482   379.78918   328.77936   259.28961     0.06209     0.29410     0.19939     0.19484     0.28636
  483    99.58622   508.34735   348.42731     0.11662     0.29288     0.25276     0.26430     0.32980
  484   603.05957   473.38504   580.01776     0.06379     0.23374     0.22194     0.22269     0.29452
  485   432.33032   657.84229   368.09637     0.06696     0.27417     0.30838     0.27729     0.29683
  486   363.72958   388.09702   548.66791     0.10099     0.34801     0.20211     0.28763     0.33621
  487   550.31482   441.62616   125.14089     0.08238     0.30436     0.21775     0.22212     0.36775
  488   180.85977   634.93054   137.20157     0.14596     0.29604     0.20149     0.25345     0.34198
  489    39.96959   610.06689   360.72699     0.06815     0.22121     0.22870     0.18992     0.27579
  490   370.56256   642.83868   301.59714     0.08695     0.26334     0.26263     0.21607     0.26574
  491   652.40985   429.42377   353.64749     0.10848     0.32532     0.22426     0.28838     0.39987
  492   465.99875   448.46198   100.50435     0.09519     0.31880     0.24273     0.18052     0.31310
  493   182.90845   628.44647   287.68604     0.06420     0.25923     0.24732     0.17833     0.25761
  494   646.30377   366.04578   208.03198     0.08728     0.40635     0.19384     0.28599     0.43295
  495   114.96696   300.78241   180.46535     0.08168     0.22360     0.19543     0.22445     0.32299
  496    90.77402   361.34180   578.67285     0.08499     0.23505     0.21096     0.23753     0.27448
  497   642.53638   167.32602   567.30048     0.10248     0.28631     0.16081     0.19904     0.35453
  498   286.24078    86.98406   249.47179     0.06361     0.20241     0.23550     0.22720     0.32312
  499   648.93500    16.10464   383.59238     0.11512     0.27965     0.21176     0.20193     0.33349
  500   387.07764   508.97400   228.71231     0.10458     0.32944     0.25417     0.19062     0.30647
  501   349.80545   475.15939   309.43173     0.09398     0.18477     0.25505     0.15942     0.25586
  502   129.15218    47.94786   649.23431     0.07969     0.22061     0.25367     0.21482     0.30886
  503   266.39838    58.21153   398.47867     0.10742     0.27607     0.17481     0.18174     0.23708
  504   115.00906    93.93742    61.30883     0.06657     0.26671     0.25695     0.20372     0.31680
  505   217.81104   282.81854   302.82104     0.19683     0.38974     0.27806     0.28888     0.42654
  506   608.61810   539.80414   524.83264     0.08846     0.25276     0.28336     0.26802     0.31215
  507   209.44186   570.96490   340.76395     0.07695     0.29854     0.23718     0.21694     0.35663
  508   456.63980   310.74448   349.41977     0.10872     0.31156     0.16845     0.21434     0.36564
  509    69.53975   313.71118   115.64956     0.09703     0.27183     0.17016     0.21256     0.27165
  510   604.96997   435.00842   200.36632     0.08759     0.25333     0.24025     0.17096     0.34310
  511   540.70703   517.23328   501.03308     0.06840     0.29606     0.15931     0.28725     0.30744
  512   320.15402   467.42892   211.64632     0.07602     0.29985     0.24287     0.19984     0.26816
  513   514.88861   165.10367   284.71240     0.05437     0.19580     0.22183     0.16491     0.27455
  514   438.52222   614.63190   299.52173     0.18320     0.25294     0.20891     0.23114     0.37597
  515   287.53354   128.31944   154.66957     0.08362     0.32272     0.20721     0.18234     0.35587
  516   599.50354    80.84104   400.44794     0.10050     0.27122     0.16864     0.25131     0.27859
  517   468.14389   112.43111   314.73544     0.10291     0.37876     0.26919     0.25817     0.36306
  518    71.60079   400.94772   270.55353     0.08235     0.31954     0.26945     0.23511     0.44707
  519   379.47421   589.64026   358.32251     0.12643     0.20048     0.16932     0.24770     0.29977
  520   514.64862   421.90567    36.75782     0.08062     0.25203     0.14547     0.19268     0.27725
  521   450.48788   318.88879   147.13525     0.09574     0.32659     0.23302     0.31325     0.41206
  522   628.39758   588.15503    49.10385     0.12015     0.23515     0.20397     0.25269     0.43306
  523   599.68042   159.75812   137.86752     0.07968     0.27257     0.23856     0.25345     0.24996
  524   472.82620   639.45752   212.87450     0.13512     0.32688     0.30906     0.26584     0.37648
  525   221.98071   460.02328    56.97195     0.10086     0.33503     0.30052     0.23370     0.33687
  526   174.49521   281.83167   233.76294     0.14994     0.23905     0.21711     0.22402     0.32958
  527   199.24553   343.07501   353.62772     0.09606     0.27054     0.30419     0.26320     0.36342
  528   253.34021   268.93484   372.98917     0.09254     0.38307     0.14481     0.28781     0.34420
  529   643.70496   367.59778   402.46854     0.07623     0.30593     0.19377     0.21815     0.32609
  530   403.38950   252.37523   150.43117     0.06953     0.30499     0.17829     0.29099     0.32998
  531    93.44154   536.59894   544.86963     0.08530     0.23484     0.24851     0.30038     0.27690
  532   519.12006    98.15743   505.04819     0.08241     0.38515     0.20120     0.29403     0.35518
  533   493.65466   222.44241   230.03027     0.15209     0.28339     0.25496     0.24941     0.38364
  534   238.19308   220.33543   264.69641     0.16132     0.19409     0.29358     0.23622     0.30324
  535   369.79431   448.63376   616.99994     0.08790     0.23739     0.21810     0.13752     0.32606
  536   287.66019   336.28860   150.21227     0.06760     0.24132     0.23209     0.20661     0.29160
  537   394.75986   294.86450   598.56683     0.14235     0.30970     0.25498     0.33300     0.37072
  538   288.50311   390.91602   528.79169     0.09940     0.30607     0.20437     0.24240     0.37869
  539   120.99229   468.29840   278.11121     0.09844     0.27629     0.22839     0.20676     0.32467
  540   519.29803   406.39914   277.49161     0.15344     0.24857     0.20896     0.27638     0.23393
  541   161.91692    89.19292   361.65097     0.14653     0.35056     0.17423     0.22442     0.38739
  542   193.06691   252.26125   573.98956     0.08542     0.36487     0.19881     0.25497     0.33538
  543    76.50206   530.24780    66.63166     0.07700     0.22566     0.23192     0.30907     0.30629
  544   230.92046   390.82639   578.56171     0.12575     0.29108     0.16923     0.23826     0.28712
  545   267.69308   421.99762   188.86562     0.09178     0.25268     0.22593     0.27504     0.28038
  546   126.56504   523.73883   479.31079     0.13258     0.28567     0.16316     0.21050     0.26654
  547   573.64777   407.92212   624.44220     0.10016     0.22663     0.19582     0.25135     0.35661
  548   240.81250   389.67847   577.98767     0.10886     0.25263     0.18436     0.23224     0.32655
