#      r        rho_psi 4(r)   rho_psi 6(r)   rho_psi 8(r)   rho_psi10(r)   rho_psi12(r)
   0.00000     0.00017     0.00031     0.00032     0.00030     0.00031
   0.21916     0.00149     0.00248     0.00257     0.00227     0.00233
   0.43832     0.00248     0.00509     0.00471     0.00422     0.00450
   0.65748     0.00516     0.01135     0.01066     0.00927     0.00993
   0.87664     0.00926     0.02071     0.02053     0.01828     0.01956
   1.09580     0.01368     0.02991     0.02913     0.02568     0.02713
   1.31496     0.02067     0.04526     0.04411     0.03889     0.04090
   1.53411     0.01852     0.04038     0.03933     0.03415     0.03630
   1.75327     0.00820     0.01506     0.01406     0.01272     0.01328
   1.97243     0.00503     0.00901     0.00821     0.00752     0.00794
   2.19159     0.00423     0.00734     0.00685     0.00619     0.00647
   2.41075     0.00492     0.00801     0.00755     0.00678     0.00717
   2.62991     0.00366     0.00578     0.00543     0.00506     0.00521
   2.84907     0.00434     0.00669     0.00636     0.00595     0.00624
   3.06823     0.00423     0.00643     0.00593     0.00566     0.00602
   3.28739     0.00395     0.00558     0.00541     0.00502     0.00527
   3.50655     0.00381     0.00503     0.00485     0.00466     0.00475
   3.72571     0.00484     0.00587     0.00573     0.00541     0.00562
   3.94487     0.00344     0.00442     0.00438     0.00403     0.00427
   4.16403     0.00445     0.00567     0.00537     0.00503     0.00512
   4.38318     0.00366     0.00427     0.00419     0.00402     0.00412
   4.60234     0.00382     0.00453     0.00437     0.00419     0.00440
   4.82150     0.00363     0.00433     0.00418     0.00396     0.00407
   5.04066     0.00342     0.00406     0.00393     0.00380     0.00385
   5.25982     0.00283     0.00322     0.00317     0.00297     0.00305
   5.47898     0.00297     0.00323     0.00316     0.00309     0.00317
   5.69814     0.00291     0.00320     0.00315     0.00302     0.00312
   5.91730     0.00258     0.00293     0.00283     0.00274     0.00285
   6.13646     0.00197     0.00215     0.00203     0.00209     0.00208
   6.35562     0.00219     0.00253     0.00248     0.00240     0.00239
   6.57478     0.00248     0.00298     0.00286     0.00288     0.00289
   6.79394     0.00243     0.00282     0.00278     0.00260     0.00272
   7.01309     0.00244     0.00280     0.00271     0.00263     0.00264
   7.23225     0.00235     0.00271     0.00251     0.00259     0.00256
   7.45141     0.00208     0.00230     0.00230     0.00226     0.00230
   7.67057     0.00228     0.00251     0.00228     0.00236     0.00237
   7.88973     0.00197     0.00215     0.00214     0.00206     0.00207
   8.10889     0.00204     0.00245     0.00227     0.00228     0.00235
   8.32805     0.00180     0.00208     0.00197     0.00202     0.00196
   8.54721     0.00176     0.00218     0.00200     0.00212     0.00198
   8.76637     0.00242     0.00276     0.00276     0.00265     0.00268
   8.98553     0.00222     0.00246     0.00246     0.00247     0.00250
   9.20469     0.00283     0.00307     0.00317     0.00314     0.00325
   9.42385     0.00207     0.00224     0.00217     0.00220     0.00219
   9.64301     0.00233     0.00241     0.00243     0.00238     0.00245
   9.86216     0.00274     0.00284     0.00285     0.00284     0.00285
  10.08132     0.00279     0.00305     0.00296     0.00302     0.00295
  10.30048     0.00228     0.00248     0.00250     0.00235     0.00247
  10.51964     0.00250     0.00282     0.00269     0.00263     0.00273
  10.73880     0.00215     0.00232     0.00230     0.00213     0.00224
  10.95796     0.00213     0.00230     0.00221     0.00221     0.00220
  11.17712     0.00257     0.00281     0.00264     0.00266     0.00272
  11.39628     0.00187     0.00202     0.00195     0.00190     0.00199
  11.61544     0.00179     0.00197     0.00200     0.00188     0.00202
  11.83460     0.00221     0.00243     0.00240     0.00231     0.00242
  12.05376     0.00276     0.00292     0.00301     0.00297     0.00297
  12.27292     0.00267     0.00277     0.00280     0.00274     0.00274
  12.49207     0.00315     0.00364     0.00345     0.00351     0.00348
  12.71123     0.00209     0.00240     0.00233     0.00225     0.00232
  12.93039     0.00267     0.00303     0.00291     0.00282     0.00285
  13.14955     0.00244     0.00273     0.00259     0.00261     0.00263
  13.36871     0.00293     0.00341     0.00329     0.00326     0.00321
  13.58787     0.00250     0.00299     0.00295     0.00279     0.00288
  13.80703     0.00273     0.00318     0.00321     0.00321     0.00300
  14.02619     0.00301     0.00329     0.00337     0.00336     0.00328
  14.24535     0.00317     0.00338     0.00337     0.00336     0.00334
  14.46451     0.00263     0.00280     0.00279     0.00271     0.00274
  14.68367     0.00276     0.00317     0.00287     0.00293     0.00299
  14.90283     0.00287     0.00328     0.00312     0.00307     0.00317
  15.12199     0.00292     0.00332     0.00322     0.00313     0.00318
  15.34115     0.00278     0.00315     0.00298     0.00290     0.00296
  15.56030     0.00283     0.00316     0.00296     0.00305     0.00297
  15.77946     0.00267     0.00298     0.00287     0.00287     0.00292
  15.99862     0.00300     0.00329     0.00322     0.00318     0.00321
  16.21778     0.00343     0.00377     0.00371     0.00367     0.00375
  16.43694     0.00431     0.00464     0.00455     0.00446     0.00447
  16.65610     0.00338     0.00367     0.00363     0.00352     0.00351
  16.87526     0.00303     0.00343     0.00336     0.00333     0.00327
  17.09442     0.00387     0.00444     0.00434     0.00410     0.00430
  17.31358     0.00423     0.00476     0.00465     0.00454     0.00460
  17.53274     0.00311     0.00348     0.00351     0.00346     0.00342
  17.75190     0.00362     0.00383     0.00376     0.00373     0.00377
  17.97106     0.00264     0.00290     0.00293     0.00285     0.00286
  18.19021     0.00376     0.00404     0.00405     0.00392     0.00392
  18.40937     0.00368     0.00400     0.00413     0.00397     0.00393
  18.62853     0.00280     0.00321     0.00328     0.00298     0.00310
  18.84769     0.00290     0.00327     0.00318     0.00304     0.00310
  19.06685     0.00397     0.00437     0.00442     0.00416     0.00414
  19.28601     0.00617     0.00670     0.00676     0.00644     0.00663
  19.50517     0.00565     0.00596     0.00619     0.00579     0.00589
  19.72433     0.00849     0.00943     0.00933     0.00905     0.00920
  19.94349     0.01366     0.01476     0.01528     0.01485     0.01466
  20.16265     0.01509     0.01626     0.01601     0.01568     0.01579
  20.38181     0.01803     0.01985     0.01943     0.01904     0.01935
  20.60097     0.01108     0.01203     0.01215     0.01158     0.01191
  20.82013     0.00771     0.00832     0.00806     0.00781     0.00796
  21.03928     0.00514     0.00555     0.00542     0.00543     0.00556
  21.25844     0.00436     0.00478     0.00459     0.00448     0.00461
  21.47760     0.00213     0.00236     0.00229     0.00227     0.00220
  21.69676     0.00066     0.00066     0.00066     0.00066     0.00066
  21.91592     0.00046     0.00046     0.00046     0.00047     0.00045
  22.13508     0.00000     0.00000     0.00000     0.00000     0.00000
  22.35424     0.00000     0.00000     0.00000     0.00000     0.00000
  22.57340     0.00000     0.00000     0.00000     0.00000     0.00000
  22.79256     0.00000     0.00000     0.00000     0.00000     0.00000
  23.01172     0.00000     0.00000     0.00000     0.00000     0.00000
  23.23088     0.00000     0.00000     0.00000     0.00000     0.00000
  23.45004     0.00000     0.00000     0.00000     0.00000     0.00000
  23.66920     0.00000     0.00000     0.00000     0.00000     0.00000
  23.88836     0.00000     0.00000     0.00000     0.00000     0.00000
  24.10751     0.00000     0.00000     0.00000     0.00000     0.00000
  24.32667     0.00000     0.00000     0.00000     0.00000     0.00000
  24.54583     0.00000     0.00000     0.00000     0.00000     0.00000
  24.76499     0.00000     0.00000     0.00000     0.00000     0.00000
  24.98415     0.00000     0.00000     0.00000     0.00000     0.00000
  25.20331     0.00000     0.00000     0.00000     0.00000     0.00000
  25.42247     0.00000     0.00000     0.00000     0.00000     0.00000
  25.64163     0.00000     0.00000     0.00000     0.00000     0.00000
  25.86079     0.00000     0.00000     0.00000     0.00000     0.00000
  26.07995     0.00000     0.00000     0.00000     0.00000     0.00000
  26.29911     0.00000     0.00000     0.00000     0.00000     0.00000
  26.51826     0.00000     0.00000     0.00000     0.00000     0.00000
  26.73742     0.00000     0.00000     0.00000     0.00000     0.00000
  26.95658     0.00000     0.00000     0.00000     0.00000     0.00000
  27.17574     0.00000     0.00000     0.00000     0.00000     0.00000
  27.39490     0.00000     0.00000     0.00000     0.00000     0.00000
  27.61406     0.00000     0.00000     0.00000     0.00000     0.00000
  27.83322     0.00000     0.00000     0.00000     0.00000     0.00000
  28.05238     0.00000     0.00000     0.00000     0.00000     0.00000
  28.27154     0.00000     0.00000     0.00000     0.00000     0.00000
  28.49070     0.00000     0.00000     0.00000     0.00000     0.00000
  28.70986     0.00000     0.00000     0.00000     0.00000     0.00000
  28.92902     0.00000     0.00000     0.00000     0.00000     0.00000
  29.14818     0.00000     0.00000     0.00000     0.00000     0.00000
  29.36733     0.00000     0.00000     0.00000     0.00000     0.00000
  29.58649     0.00000     0.00000     0.00000     0.00000     0.00000
  29.80565     0.00000     0.00000     0.00000     0.00000     0.00000
  30.02481     0.00000     0.00000     0.00000     0.00000     0.00000
  30.24397     0.00000     0.00000     0.00000     0.00000     0.00000
  30.46313     0.00000     0.00000     0.00000     0.00000     0.00000
  30.68229     0.00000     0.00000     0.00000     0.00000     0.00000
  30.90145     0.00000     0.00000     0.00000     0.00000     0.00000
  31.12061     0.00000     0.00000     0.00000     0.00000     0.00000
  31.33977     0.00000     0.00000     0.00000     0.00000     0.00000
  31.55893     0.00000     0.00000     0.00000     0.00000     0.00000
  31.77809     0.00000     0.00000     0.00000     0.00000     0.00000
  31.99725     0.00000     0.00000     0.00000     0.00000     0.00000
  32.21640     0.00000     0.00000     0.00000     0.00000     0.00000
  32.43556     0.00000     0.00000     0.00000     0.00000     0.00000
  32.65472     0.00000     0.00000     0.00000     0.00000     0.00000
  32.87388     0.00000     0.00000     0.00000     0.00000     0.00000
  33.09304     0.00000     0.00000     0.00000     0.00000     0.00000
  33.31220     0.00000     0.00000     0.00000     0.00000     0.00000
  33.53136     0.00000     0.00000     0.00000     0.00000     0.00000
  33.75052     0.00000     0.00000     0.00000     0.00000     0.00000
  33.96968     0.00000     0.00000     0.00000     0.00000     0.00000
  34.18884     0.00000     0.00000     0.00000     0.00000     0.00000
  34.40800     0.00000     0.00000     0.00000     0.00000     0.00000
  34.62716     0.00000     0.00000     0.00000     0.00000     0.00000
  34.84631     0.00000     0.00000     0.00000     0.00000     0.00000
  35.06548     0.00000     0.00000     0.00000     0.00000     0.00000
  35.28463     0.00000     0.00000     0.00000     0.00000     0.00000
  35.50379     0.00000     0.00000     0.00000     0.00000     0.00000
  35.72295     0.00000     0.00000     0.00000     0.00000     0.00000
  35.94211     0.00000     0.00000     0.00000     0.00000     0.00000
  36.16127     0.00000     0.00000     0.00000     0.00000     0.00000
  36.38043     0.00000     0.00000     0.00000     0.00000     0.00000
  36.59959     0.00000     0.00000     0.00000     0.00000     0.00000
  36.81875     0.00000     0.00000     0.00000     0.00000     0.00000
  37.03791     0.00000     0.00000     0.00000     0.00000     0.00000
  37.25706     0.00000     0.00000     0.00000     0.00000     0.00000
  37.47623     0.00000     0.00000     0.00000     0.00000     0.00000
  37.69538     0.00000     0.00000     0.00000     0.00000     0.00000
  37.91454     0.00000     0.00000     0.00000     0.00000     0.00000
  38.13371     0.00000     0.00000     0.00000     0.00000     0.00000
  38.35286     0.00000     0.00000     0.00000     0.00000     0.00000
  38.57202     0.00000     0.00000     0.00000     0.00000     0.00000
  38.79118     0.00000     0.00000     0.00000     0.00000     0.00000
  39.01034     0.00000     0.00000     0.00000     0.00000     0.00000
  39.22950     0.00000     0.00000     0.00000     0.00000     0.00000
  39.44866     0.00000     0.00000     0.00000     0.00000     0.00000
  39.66782     0.00000     0.00000     0.00000     0.00000     0.00000
  39.88698     0.00000     0.00000     0.00000     0.00000     0.00000
  40.10614     0.00000     0.00000     0.00000     0.00000     0.00000
  40.32529     0.00000     0.00000     0.00000     0.00000     0.00000
  40.54446     0.00000     0.00000     0.00000     0.00000     0.00000
  40.76361     0.00000     0.00000     0.00000     0.00000     0.00000
  40.98277     0.00000     0.00000     0.00000     0.00000     0.00000
  41.20193     0.00000     0.00000     0.00000     0.00000     0.00000
  41.42109     0.00000     0.00000     0.00000     0.00000     0.00000
  41.64025     0.00000     0.00000     0.00000     0.00000     0.00000
  41.85941     0.00000     0.00000     0.00000     0.00000     0.00000
  42.07857     0.00000     0.00000     0.00000     0.00000     0.00000
  42.29773     0.00000     0.00000     0.00000     0.00000     0.00000
  42.51689     0.00000     0.00000     0.00000     0.00000     0.00000
  42.73605     0.00000     0.00000     0.00000     0.00000     0.00000
  42.95521     0.00000     0.00000     0.00000     0.00000     0.00000
  43.17437     0.00000     0.00000     0.00000     0.00000     0.00000
  43.39352     0.00000     0.00000     0.00000     0.00000     0.00000
  43.61268     0.00000     0.00000     0.00000     0.00000     0.00000
  43.83184     0.00000     0.00000     0.00000     0.00000     0.00000
