#      r        psi_cum 4(r)   psi_cum 6(r)   psi_cum 8(r)   psi_cum10(r)   psi_cum12(r)
   0.00000     0.00017     0.00031     0.00032     0.00030     0.00031
   0.21916     0.00166     0.00279     0.00289     0.00257     0.00264
   0.43832     0.00414     0.00788     0.00760     0.00679     0.00714
   0.65748     0.00930     0.01922     0.01825     0.01607     0.01707
   0.87664     0.01856     0.03993     0.03879     0.03435     0.03663
   1.09580     0.03224     0.06984     0.06792     0.06003     0.06376
   1.31496     0.05292     0.11509     0.11203     0.09891     0.10466
   1.53411     0.07144     0.15548     0.15136     0.13306     0.14096
   1.75327     0.07963     0.17054     0.16543     0.14578     0.15424
   1.97243     0.08466     0.17956     0.17363     0.15331     0.16218
   2.19159     0.08889     0.18690     0.18048     0.15949     0.16865
   2.41075     0.08995     0.18689     0.18029     0.15941     0.16855
   2.62991     0.09211     0.18974     0.18291     0.16195     0.17111
   2.84907     0.09604     0.19585     0.18868     0.16739     0.17677
   3.06823     0.07572     0.15315     0.14744     0.13090     0.13829
   3.28739     0.07857     0.15705     0.15126     0.13444     0.14200
   3.50655     0.06749     0.13339     0.12858     0.11444     0.12087
   3.72571     0.05904     0.11481     0.11058     0.09869     0.10417
   3.94487     0.04633     0.08911     0.08589     0.07671     0.08097
   4.16403     0.03880     0.07351     0.07073     0.06333     0.06675
   4.38318     0.03334     0.06252     0.06026     0.05397     0.05687
   4.60234     0.02495     0.04617     0.04447     0.03990     0.04203
   4.82150     0.02375     0.04374     0.04212     0.03781     0.03982
   5.04066     0.02200     0.04016     0.03868     0.03477     0.03659
   5.25982     0.02107     0.03815     0.03675     0.03306     0.03478
   5.47898     0.02055     0.03692     0.03558     0.03205     0.03370
   5.69814     0.02074     0.03698     0.03564     0.03213     0.03378
   5.91730     0.02080     0.03685     0.03552     0.03204     0.03368
   6.13646     0.02093     0.03691     0.03557     0.03212     0.03375
   6.35562     0.02112     0.03708     0.03573     0.03229     0.03391
   6.57478     0.02145     0.03748     0.03612     0.03268     0.03430
   6.79394     0.02178     0.03786     0.03650     0.03304     0.03467
   7.01309     0.02211     0.03824     0.03686     0.03339     0.03503
   7.23225     0.02243     0.03861     0.03720     0.03375     0.03537
   7.45141     0.02271     0.03892     0.03752     0.03406     0.03569
   7.67057     0.02302     0.03926     0.03783     0.03437     0.03601
   7.88973     0.02329     0.03955     0.03811     0.03465     0.03628
   8.10889     0.02356     0.03987     0.03841     0.03495     0.03660
   8.32805     0.02380     0.04016     0.03868     0.03523     0.03686
   8.54721     0.02404     0.04044     0.03895     0.03551     0.03713
   8.76637     0.02437     0.04083     0.03933     0.03587     0.03750
   8.98553     0.02467     0.04116     0.03966     0.03620     0.03783
   9.20469     0.02505     0.04158     0.04009     0.03663     0.03828
   9.42385     0.02534     0.04188     0.04039     0.03693     0.03857
   9.64301     0.02566     0.04221     0.04072     0.03726     0.03891
   9.86216     0.02603     0.04260     0.04111     0.03764     0.03930
  10.08132     0.02641     0.04301     0.04151     0.03805     0.03970
  10.30048     0.02672     0.04335     0.04185     0.03837     0.04004
  10.51964     0.02706     0.04373     0.04221     0.03873     0.04041
  10.73880     0.02735     0.04405     0.04253     0.03902     0.04071
  10.95796     0.02764     0.04436     0.04283     0.03931     0.04101
  11.17712     0.02798     0.04473     0.04318     0.03967     0.04137
  11.39628     0.02823     0.04500     0.04344     0.03992     0.04164
  11.61544     0.02847     0.04527     0.04371     0.04017     0.04191
  11.83460     0.02877     0.04560     0.04403     0.04049     0.04224
  12.05376     0.02915     0.04599     0.04444     0.04089     0.04264
  12.27292     0.02951     0.04637     0.04482     0.04126     0.04302
  12.49207     0.02993     0.04686     0.04528     0.04174     0.04348
  12.71123     0.03021     0.04718     0.04559     0.04204     0.04379
  12.93039     0.03056     0.04758     0.04598     0.04241     0.04417
  13.14955     0.03089     0.04795     0.04633     0.04276     0.04452
  13.36871     0.03129     0.04841     0.04677     0.04320     0.04496
  13.58787     0.03163     0.04882     0.04717     0.04358     0.04535
  13.80703     0.03200     0.04924     0.04761     0.04401     0.04575
  14.02619     0.03240     0.04969     0.04806     0.04447     0.04620
  14.24535     0.03281     0.05012     0.04849     0.04489     0.04662
  14.46451     0.03317     0.05050     0.04887     0.04527     0.04700
  14.68367     0.03354     0.05093     0.04926     0.04566     0.04740
  14.90283     0.03393     0.05137     0.04968     0.04607     0.04783
  15.12199     0.03432     0.05181     0.05011     0.04649     0.04825
  15.34115     0.03470     0.05224     0.05051     0.04689     0.04866
  15.56030     0.03508     0.05267     0.05091     0.04730     0.04905
  15.77946     0.03543     0.05307     0.05130     0.04768     0.04945
  15.99862     0.03584     0.05351     0.05173     0.04811     0.04988
  16.21778     0.03631     0.05403     0.05224     0.04861     0.05039
  16.43694     0.03689     0.05465     0.05285     0.04921     0.05099
  16.65610     0.03733     0.05513     0.05333     0.04968     0.05145
  16.87526     0.03773     0.05559     0.05378     0.05012     0.05189
  17.09442     0.03824     0.05617     0.05434     0.05066     0.05245
  17.31358     0.03882     0.05682     0.05497     0.05127     0.05308
  17.53274     0.03925     0.05730     0.05546     0.05175     0.05355
  17.75190     0.03975     0.05783     0.05598     0.05227     0.05407
  17.97106     0.04012     0.05823     0.05639     0.05266     0.05447
  18.19021     0.04063     0.05878     0.05694     0.05320     0.05500
  18.40937     0.04111     0.05931     0.05748     0.05372     0.05552
  18.62853     0.04149     0.05974     0.05792     0.05412     0.05594
  18.84769     0.04188     0.06018     0.05834     0.05453     0.05635
  19.06685     0.04241     0.06076     0.05893     0.05508     0.05690
  19.28601     0.04323     0.06166     0.05984     0.05594     0.05779
  19.50517     0.04400     0.06247     0.06068     0.05673     0.05858
  19.72433     0.04515     0.06374     0.06194     0.05796     0.05983
  19.94349     0.04696     0.06569     0.06396     0.05992     0.06177
  20.16265     0.04900     0.06789     0.06613     0.06204     0.06390
  20.38181     0.05144     0.07059     0.06877     0.06462     0.06653
  20.60097     0.05294     0.07221     0.07040     0.06618     0.06813
  20.82013     0.05398     0.07333     0.07149     0.06724     0.06921
  21.03928     0.05465     0.07405     0.07220     0.06795     0.06993
  21.25844     0.05524     0.07469     0.07281     0.06855     0.07055
  21.47760     0.05554     0.07502     0.07313     0.06887     0.07086
  21.69676     0.05563     0.07511     0.07322     0.06896     0.07095
  21.91592     0.05569     0.07517     0.07328     0.06902     0.07101
  22.13508     0.05569     0.07517     0.07328     0.06902     0.07101
  22.35424     0.05569     0.07517     0.07328     0.06902     0.07101
  22.57340     0.05569     0.07517     0.07328     0.06902     0.07101
  22.79256     0.05569     0.07517     0.07328     0.06902     0.07101
  23.01172     0.05569     0.07517     0.07328     0.06902     0.07101
  23.23088     0.05569     0.07517     0.07328     0.06902     0.07101
  23.45004     0.05569     0.07517     0.07328     0.06902     0.07101
  23.66920     0.05569     0.07517     0.07328     0.06902     0.07101
  23.88836     0.05569     0.07517     0.07328     0.06902     0.07101
  24.10751     0.05569     0.07517     0.07328     0.06902     0.07101
  24.32667     0.05569     0.07517     0.07328     0.06902     0.07101
  24.54583     0.05569     0.07517     0.07328     0.06902     0.07101
  24.76499     0.05569     0.07517     0.07328     0.06902     0.07101
  24.98415     0.05569     0.07517     0.07328     0.06902     0.07101
  25.20331     0.05569     0.07517     0.07328     0.06902     0.07101
  25.42247     0.05569     0.07517     0.07328     0.06902     0.07101
  25.64163     0.05569     0.07517     0.07328     0.06902     0.07101
  25.86079     0.05569     0.07517     0.07328     0.06902     0.07101
  26.07995     0.05569     0.07517     0.07328     0.06902     0.07101
  26.29911     0.05569     0.07517     0.07328     0.06902     0.07101
  26.51826     0.05569     0.07517     0.07328     0.06902     0.07101
  26.73742     0.05569     0.07517     0.07328     0.06902     0.07101
  26.95658     0.05569     0.07517     0.07328     0.06902     0.07101
  27.17574     0.05569     0.07517     0.07328     0.06902     0.07101
  27.39490     0.05569     0.07517     0.07328     0.06902     0.07101
  27.61406     0.05569     0.07517     0.07328     0.06902     0.07101
  27.83322     0.05569     0.07517     0.07328     0.06902     0.07101
  28.05238     0.05569     0.07517     0.07328     0.06902     0.07101
  28.27154     0.05569     0.07517     0.07328     0.06902     0.07101
  28.49070     0.05569     0.07517     0.07328     0.06902     0.07101
  28.70986     0.05569     0.07517     0.07328     0.06902     0.07101
  28.92902     0.05569     0.07517     0.07328     0.06902     0.07101
  29.14818     0.05569     0.07517     0.07328     0.06902     0.07101
  29.36733     0.05569     0.07517     0.07328     0.06902     0.07101
  29.58649     0.05569     0.07517     0.07328     0.06902     0.07101
  29.80565     0.05569     0.07517     0.07328     0.06902     0.07101
  30.02481     0.05569     0.07517     0.07328     0.06902     0.07101
  30.24397     0.05569     0.07517     0.07328     0.06902     0.07101
  30.46313     0.05569     0.07517     0.07328     0.06902     0.07101
  30.68229     0.05569     0.07517     0.07328     0.06902     0.07101
  30.90145     0.05569     0.07517     0.07328     0.06902     0.07101
  31.12061     0.05569     0.07517     0.07328     0.06902     0.07101
  31.33977     0.05569     0.07517     0.07328     0.06902     0.07101
  31.55893     0.05569     0.07517     0.07328     0.06902     0.07101
  31.77809     0.05569     0.07517     0.07328     0.06902     0.07101
  31.99725     0.05569     0.07517     0.07328     0.06902     0.07101
  32.21640     0.05569     0.07517     0.07328     0.06902     0.07101
  32.43556     0.05569     0.07517     0.07328     0.06902     0.07101
  32.65472     0.05569     0.07517     0.07328     0.06902     0.07101
  32.87388     0.05569     0.07517     0.07328     0.06902     0.07101
  33.09304     0.05569     0.07517     0.07328     0.06902     0.07101
  33.31220     0.05569     0.07517     0.07328     0.06902     0.07101
  33.53136     0.05569     0.07517     0.07328     0.06902     0.07101
  33.75052     0.05569     0.07517     0.07328     0.06902     0.07101
  33.96968     0.05569     0.07517     0.07328     0.06902     0.07101
  34.18884     0.05569     0.07517     0.07328     0.06902     0.07101
  34.40800     0.05569     0.07517     0.07328     0.06902     0.07101
  34.62716     0.05569     0.07517     0.07328     0.06902     0.07101
  34.84631     0.05569     0.07517     0.07328     0.06902     0.07101
  35.06548     0.05569     0.07517     0.07328     0.06902     0.07101
  35.28463     0.05569     0.07517     0.07328     0.06902     0.07101
  35.50379     0.05569     0.07517     0.07328     0.06902     0.07101
  35.72295     0.05569     0.07517     0.07328     0.06902     0.07101
  35.94211     0.05569     0.07517     0.07328     0.06902     0.07101
  36.16127     0.05569     0.07517     0.07328     0.06902     0.07101
  36.38043     0.05569     0.07517     0.07328     0.06902     0.07101
  36.59959     0.05569     0.07517     0.07328     0.06902     0.07101
  36.81875     0.05569     0.07517     0.07328     0.06902     0.07101
  37.03791     0.05569     0.07517     0.07328     0.06902     0.07101
  37.25706     0.05569     0.07517     0.07328     0.06902     0.07101
  37.47623     0.05569     0.07517     0.07328     0.06902     0.07101
  37.69538     0.05569     0.07517     0.07328     0.06902     0.07101
  37.91454     0.05569     0.07517     0.07328     0.06902     0.07101
  38.13371     0.05569     0.07517     0.07328     0.06902     0.07101
  38.35286     0.05569     0.07517     0.07328     0.06902     0.07101
  38.57202     0.05569     0.07517     0.07328     0.06902     0.07101
  38.79118     0.05569     0.07517     0.07328     0.06902     0.07101
  39.01034     0.05569     0.07517     0.07328     0.06902     0.07101
  39.22950     0.05569     0.07517     0.07328     0.06902     0.07101
  39.44866     0.05569     0.07517     0.07328     0.06902     0.07101
  39.66782     0.05569     0.07517     0.07328     0.06902     0.07101
  39.88698     0.05569     0.07517     0.07328     0.06902     0.07101
  40.10614     0.05569     0.07517     0.07328     0.06902     0.07101
  40.32529     0.05569     0.07517     0.07328     0.06902     0.07101
  40.54446     0.05569     0.07517     0.07328     0.06902     0.07101
  40.76361     0.05569     0.07517     0.07328     0.06902     0.07101
  40.98277     0.05569     0.07517     0.07328     0.06902     0.07101
  41.20193     0.05569     0.07517     0.07328     0.06902     0.07101
  41.42109     0.05569     0.07517     0.07328     0.06902     0.07101
  41.64025     0.05569     0.07517     0.07328     0.06902     0.07101
  41.85941     0.05569     0.07517     0.07328     0.06902     0.07101
  42.07857     0.05569     0.07517     0.07328     0.06902     0.07101
  42.29773     0.05569     0.07517     0.07328     0.06902     0.07101
  42.51689     0.05569     0.07517     0.07328     0.06902     0.07101
  42.73605     0.05569     0.07517     0.07328     0.06902     0.07101
  42.95521     0.05569     0.07517     0.07328     0.06902     0.07101
  43.17437     0.05569     0.07517     0.07328     0.06902     0.07101
  43.39352     0.05569     0.07517     0.07328     0.06902     0.07101
  43.61268     0.05569     0.07517     0.07328     0.06902     0.07101
  43.83184     0.05569     0.07517     0.07328     0.06902     0.07101
