#           Q       S_NN(Q)          n(Q)
      0.0095200     11.9001999           6
      0.0190400     20.7618179          13
      0.0285599     28.8311024          19
      0.0380799     27.2231293          39
      0.0475999     41.6502380          55
      0.0571199     47.4265366          72
      0.0666398     81.5185776          91
      0.0761598    232.2959137         114
      0.0856798    908.4144287         169
      0.0951998    356.0807800         178
      0.1047198    131.5933838         210
      0.1142397    111.8328323         253
      0.1237597     88.2460938         306
      0.1332797    101.2442474         346
      0.1427997    130.9586334         360
      0.1523197    152.2309875         460
      0.1618396    108.6634674         508
      0.1713596     80.2976456         564
      0.1808796     46.9142532         589
      0.1903996     28.0387821         672
      0.1999196     22.2728634         769
      0.2094395     18.2642822         801
      0.2189595     16.4405537         880
      0.2284795     11.8044796         946
      0.2379995      6.8613906        1068
      0.2475194      3.5205641        1138
      0.2570394      1.7242254        1194
      0.2665594      0.8589095        1315
      0.2760794      0.4339768        1384
      0.2855994      0.3810889        1479
      0.2951193      0.5800855        1591
      0.3046393      0.7881777        1647
      0.3141593      1.0124366        1804
      0.3236793      1.1380632        1929
      0.3331992      1.3016613        1984
      0.3427192      1.3832109        2143
      0.3522392      1.4327919        2229
      0.3617592      1.3935153        2377
      0.3712792      1.3517594        2433
      0.3807991      1.1243997        2629
      0.3903191      0.9166599        2775
      0.3998391      0.6989887        2845
      0.4093591      0.5229679        3037
      0.4188791      0.3863770        3105
      0.4283990      0.2808528        3352
      0.4379190      0.2055142        3369
      0.4474390      0.1548610        3553
      0.4569589      0.1334486        3748
      0.4664789      0.1333731        3924
      0.4759989      0.1448583        1893
      0.4855189      0.1788819           3
      0.5140789      0.1983776           3
      0.5426388      0.2168506           3
      0.5711987      0.1801344           3
      0.5997586      0.1215805           3
      0.6283185      0.0964154           3
      0.6568785      0.1049742           3
      0.6854385      0.1098478           3
      0.7139984      0.1294223           3
      0.7425583      0.1336828           3
      0.7711182      0.1147767           3
      0.7996782      0.1189480           3
      0.8282381      0.1178172           3
      0.8567981      0.1177994           3
      0.8853580      0.1289628           3
      0.9139179      0.1258490           3
      0.9424779      0.1374299           3
      0.9710378      0.1337380           3
      0.9995977      0.1484253           3
      1.0281577      0.1408180           3
      1.0567176      0.1733635           3
      1.0852776      0.1978491           3
      1.1138375      0.1817197           3
      1.1423974      0.2037135           3
      1.1709573      0.2405874           3
      1.1995173      0.2667596           3
      1.2280772      0.2327126           3
      1.2566371      0.2341808           3
      1.2851971      0.3428211           3
      1.3137571      0.3655684           3
      1.3423170      0.3931163           3
      1.3708769      0.4482653           3
      1.3994368      0.3955377           3
      1.4279968      0.4707207           3
      1.4565567      0.5314316           3
      1.4851166      0.4595708           3
      1.5136765      0.5579854           3
      1.5422364      0.6238493           3
      1.5707965      0.5376166           3
      1.5993564      0.6189907           3
      1.6279163      0.7931141           3
      1.6564763      0.8283713           3
      1.6850362      0.9554484           3
      1.7135961      1.0209680           3
      1.7421560      1.0515687           3
      1.7707160      1.0814137           3
      1.7992759      1.2765245           3
      1.8278358      1.5637199           3
      1.8563958      1.6245279           3
      1.8849558      1.5243925           3
      1.9135157      1.4848773           3
      1.9420756      1.8771038           3
      1.9706355      1.9292768           3
      1.9991955      1.7986778           3
      2.0277555      1.6100687           3
      2.0563154      1.7648599           3
      2.0848753      2.0970654           3
      2.1134353      2.2713859           3
      2.1419952      1.7518663           3
      2.1705551      1.6445910           3
      2.1991150      1.4882725           3
      2.2276750      1.4019473           3
      2.2562349      1.3191798           3
      2.2847948      1.2648456           3
      2.3133547      1.0987756           3
      2.3419147      1.0772817           3
      2.3704746      0.9572480           3
      2.3990345      0.9846417           3
      2.4275944      0.9111274           3
      2.4561543      0.8499985           3
      2.4847143      0.9326051           3
      2.5132742      0.7879174           3
      2.5418344      0.6744305           3
      2.5703943      0.7825019           3
      2.5989542      0.8075476           3
      2.6275141      0.7776875           3
      2.6560740      0.7494542           3
      2.6846340      0.6976107           3
      2.7131939      0.7046398           3
      2.7417538      0.7625502           3
      2.7703137      0.7541224           3
      2.7988737      0.7695793           3
      2.8274336      0.7293184           3
      2.8559935      0.7133672           3
      2.8845534      0.6834996           3
      2.9131134      0.8512115           3
      2.9416733      0.8602688           3
      2.9702332      0.8020948           3
      2.9987931      0.7821054           3
      3.0273530      0.9314867           3
      3.0559130      0.9620720           3
      3.0844729      0.8738295           3
      3.1130331      0.8743784           3
      3.1415930      0.8143831           3
      3.1701529      0.9179093           3
      3.1987128      0.9019310           3
      3.2272727      0.8003257           3
      3.2558327      0.9192300           3
      3.2843926      0.9488168           3
      3.3129525      0.9866949           3
      3.3415124      0.9303483           3
      3.3700724      0.9040920           3
      3.3986323      1.1182178           3
      3.4271922      1.1578771           3
      3.4557521      1.1464071           3
      3.4843121      1.0775709           3
      3.5128720      1.1439617           3
      3.5414319      1.2023560           3
      3.5699918      1.1134499           3
      3.5985518      1.0162604           3
      3.6271117      1.0473483           3
      3.6556716      1.1153808           3
      3.6842318      1.1466936           3
      3.7127917      1.1435046           3
      3.7413516      1.1852306           3
      3.7699115      1.1532314           3
      3.7984715      1.1405296           3
      3.8270314      1.2725315           3
      3.8555913      1.1080602           3
      3.8841512      1.1452780           3
      3.9127111      1.1175537           3
      3.9412711      1.1660401           3
      3.9698310      1.0498484           3
      3.9983909      1.0361605           3
      4.0269508      1.1561358           3
      4.0555110      1.0982958           3
      4.0840707      1.1765579           3
      4.1126308      1.0588745           3
      4.1411905      1.0310833           3
      4.1697507      0.9746341           3
      4.1983104      0.9078566           3
      4.2268705      0.9381872           3
      4.2554302      1.0165970           3
      4.2839904      0.9678842           3
      4.3125501      0.9977767           3
      4.3411102      1.0585840           3
      4.3696699      0.9919999           3
      4.3982301      0.8779087           3
      4.4267898      0.8916597           3
      4.4553499      0.9109057           3
      4.4839096      0.8934017           3
      4.5124698      0.8783982           3
      4.5410299      0.9602019           3
      4.5695896      0.9589937           3
      4.5981498      0.8966893           3
      4.6267095      0.9486896           3
      4.6552696      0.9090220           3
      4.6838293      0.8613623           3
      4.7123895      0.8819177           3
      4.7409492      1.0132549           3
      4.7695093      0.9721837           3
      4.7980690      0.9552587           3
      4.8266292      0.8975629           3
      4.8551888      0.8622921           3
      4.8837490      0.9239269           3
      4.9123087      0.9156228           3
      4.9408689      0.9247577           3
      4.9694285      0.9357947           3
      4.9979887      0.9719638           3
      5.0265484      0.9718090           3
      5.0551085      0.9591473           3
      5.0836687      0.9981039           3
      5.1122284      0.9892824           3
      5.1407886      0.9833599           3
      5.1693482      0.9510559           3
      5.1979084      1.0015513           3
      5.2264681      1.0757390           3
      5.2550282      0.9752332           3
      5.2835879      0.9911253           3
      5.3121481      1.0321878           3
      5.3407078      1.1081333           3
      5.3692679      1.0475041           3
      5.3978276      0.9717331           3
      5.4263878      1.0375556           3
      5.4549475      0.9742635           3
      5.4835076      0.9519205           3
      5.5120673      1.0271200           3
      5.5406275      0.9989020           3
      5.5691872      0.9345713           3
      5.5977473      0.9555853           3
      5.6263075      0.9986410           3
      5.6548672      1.0130821           3
      5.6834273      1.0250032           3
      5.7119870      0.9663383           3
      5.7405472      0.9802729           3
      5.7691069      1.0800732           3
      5.7976670      1.0804522           3
      5.8262267      1.0984130           3
      5.8547869      1.1299121           3
      5.8833466      1.0221012           3
      5.9119067      1.0005939           3
      5.9404664      1.0195618           3
      5.9690266      1.1001699           3
      5.9975863      1.0058335           3
      6.0261464      0.9587259           3
      6.0547061      0.9289087           3
      6.0832663      0.9118912           3
      6.1118259      0.9624737           3
      6.1403861      0.9770546           3
      6.1689458      1.0367262           3
      6.1975060      1.0272715           3
      6.2260661      0.9922211           3
      6.2546258      1.0346187           3
      6.2831860      1.0117922           3
      6.3117456      1.0493815           3
      6.3403058      1.0341280           3
      6.3688655      1.0403475           3
      6.3974257      1.0151019           3
      6.4259853      1.0582240           3
      6.4545455      1.1183456           3
      6.4831052      0.9959005           3
      6.5116653      0.9417583           3
      6.5402250      0.9282992           3
      6.5687852      0.9449619           3
      6.5973449      0.9240077           3
      6.6259050      0.8937594           3
      6.6544647      0.9452979           3
      6.6830249      0.9685785           3
      6.7115846      1.0305344           3
      6.7401447      0.9786660           3
      6.7687049      0.9611385           3
      6.7972646      1.0086031           3
      6.8258247      1.0536455           3
      6.8543844      0.9926521           3
      6.8829446      0.9486812           3
      6.9115043      0.9504663           3
      6.9400644      1.0004485           3
      6.9686241      0.9966305           3
      6.9971843      0.9764897           3
      7.0257440      0.9169258           3
      7.0543041      0.9757007           3
      7.0828638      1.0009478           3
      7.1114240      0.9973153           3
      7.1399837      1.0440056           3
      7.1685438      1.0299793           3
      7.1971035      1.0365924           3
      7.2256637      1.0412343           3
      7.2542233      1.0068240           3
      7.2827835      0.9859451           3
      7.3113432      0.9602448           3
      7.3399034      1.0275850           3
      7.3684635      1.0361722           3
      7.3970232      1.0490913           3
      7.4255834      1.0458246           3
      7.4541430      1.0675764           3
      7.4827032      1.0490370           3
      7.5112629      0.9692919           3
      7.5398231      0.9827469           3
      7.5683827      0.9743387           3
      7.5969429      0.9375501           3
      7.6255026      0.9801762           3
      7.6540627      1.0309398           3
      7.6826224      1.0314795           3
      7.7111826      1.0429705           3
      7.7397423      0.9791153           3
      7.7683024      0.9022241           3
      7.7968621      0.9986956           3
      7.8254223      0.9848636           3
      7.8539820      0.9988033           3
      7.8825421      1.0596950           3
      7.9111023      0.9955799           3
      7.9396620      0.9196135           3
      7.9682221      0.9124973           3
