#  w(THz)       w(meV)     S(0.1800,w)    Ss(0.1800,w)
     0.000     0.000       91.78363        1.78857
     0.195     0.808       21.55464        0.44237
     0.391     1.615       -6.84954       -0.12394
     0.586     2.423        3.32347        0.06422
     0.781     3.230       -1.96167       -0.03580
     0.977     4.038        1.98128        0.03739
     1.172     4.846       -1.47821       -0.02724
     1.367     5.653        1.61132        0.03037
     1.562     6.461       -1.23414       -0.02285
     1.758     7.268        1.37753        0.02589
     1.953     8.076       -1.03654       -0.01924
     2.148     8.884        1.18046        0.02212
     2.344     9.691       -0.85056       -0.01581
     2.539    10.499        0.99007        0.01853
     2.734    11.306       -0.66635       -0.01240
     2.930    12.114        0.80279        0.01502
     3.125    12.922       -0.48463       -0.00901
     3.320    13.729        0.62030        0.01159
     3.516    14.537       -0.30714       -0.00571
     3.711    15.344        0.44606        0.00833
     3.906    16.152       -0.13985       -0.00259
     4.101    16.960        0.28446        0.00531
     4.297    17.767        0.01263        0.00025
     4.492    18.575        0.13985        0.00261
     4.687    19.382        0.14632        0.00274
     4.883    20.190        0.01627        0.00030
     5.078    20.998        0.25759        0.00482
     5.273    21.805       -0.08337       -0.00156
     5.469    22.613        0.34410        0.00643
     5.664    23.420       -0.15727       -0.00294
     5.859    24.228        0.40443        0.00756
     6.055    25.036       -0.20479       -0.00383
     6.250    25.843        0.43861        0.00819
     6.445    26.651       -0.22659       -0.00423
     6.640    27.458        0.44783        0.00836
     6.836    28.266       -0.22430       -0.00419
     7.031    29.074        0.43426        0.00811
     7.226    29.881       -0.20072       -0.00375
     7.422    30.689        0.40112        0.00749
     7.617    31.496       -0.15943       -0.00297
     7.812    32.304        0.35237        0.00658
     8.008    33.112       -0.10462       -0.00195
     8.203    33.919        0.29237        0.00546
     8.398    34.727       -0.04088       -0.00076
     8.594    35.534        0.22581        0.00421
     8.789    36.342        0.02709        0.00051
     8.984    37.150        0.15735        0.00294
     9.179    37.957        0.09473        0.00177
     9.375    38.765        0.09137        0.00170
     9.570    39.572        0.15787        0.00295
     9.765    40.380        0.03180        0.00059
     9.961    41.188        0.21291        0.00398
    10.156    41.995       -0.01813       -0.00034
    10.351    42.803        0.25697        0.00480
    10.547    43.610       -0.05597       -0.00105
    10.742    44.418        0.28807        0.00538
    10.937    45.226       -0.08020       -0.00150
    11.133    46.033        0.30515        0.00570
    11.328    46.841       -0.09019       -0.00168
    11.523    47.648        0.30804        0.00575
    11.718    48.456       -0.08627       -0.00161
    11.914    49.264        0.29749        0.00556
    12.109    50.071       -0.06958       -0.00130
    12.304    50.879        0.27505        0.00514
    12.500    51.686       -0.04200       -0.00078
    12.695    52.494        0.24287        0.00453
    12.890    53.302       -0.00597       -0.00011
    13.086    54.109        0.20364        0.00380
    13.281    54.917        0.03565        0.00067
    13.476    55.724        0.16032        0.00299
    13.672    56.532        0.07985        0.00149
    13.867    57.340        0.11595        0.00216
    14.062    58.147        0.12359        0.00231
    14.257    58.955        0.07351        0.00137
    14.453    59.762        0.16402        0.00306
    14.648    60.570        0.03566        0.00067
    14.843    61.377        0.19866        0.00371
    15.039    62.185        0.00467        0.00009
    15.234    62.993        0.22553        0.00421
    15.429    63.800       -0.01777       -0.00033
    15.625    64.608        0.24323        0.00454
    15.820    65.415       -0.03060       -0.00057
    16.015    66.223        0.25105        0.00469
    16.211    67.031       -0.03342       -0.00062
    16.406    67.838        0.24892        0.00465
    16.601    68.646       -0.02653       -0.00050
    16.796    69.453        0.23745        0.00443
    16.992    70.261       -0.01081       -0.00020
    17.187    71.069        0.21782        0.00407
    17.382    71.876        0.01230        0.00023
    17.578    72.684        0.19167        0.00358
    17.773    73.491        0.04094        0.00076
    17.968    74.299        0.16104        0.00301
    18.164    75.107        0.07298        0.00136
    18.359    75.914        0.12815        0.00239
    18.554    76.722        0.10612        0.00198
    18.750    77.529        0.09529        0.00178
    18.945    78.337        0.13813        0.00258
    19.140    79.145        0.06465        0.00121
    19.335    79.952        0.16690        0.00312
    19.531    80.760        0.03819        0.00071
    19.726    81.567        0.19063        0.00356
    19.921    82.375        0.01751        0.00033
    20.117    83.183        0.20793        0.00388
    20.312    83.990        0.00380        0.00007
    20.507    84.798        0.21788        0.00407
    20.703    85.605       -0.00229       -0.00004
    20.898    86.413        0.22007        0.00411
    21.093    87.221       -0.00063       -0.00001
    21.289    88.028        0.21463        0.00401
    21.484    88.836        0.00840        0.00016
    21.679    89.643        0.20221        0.00378
    21.874    90.451        0.02393        0.00045
    22.070    91.259        0.18386        0.00343
    22.265    92.066        0.04471        0.00084
    22.460    92.874        0.16103        0.00301
    22.656    93.681        0.06916        0.00129
    22.851    94.489        0.13540        0.00253
    23.046    95.297        0.09550        0.00178
    23.242    96.104        0.10879        0.00203
    23.437    96.912        0.12192        0.00228
    23.632    97.719        0.08302        0.00155
    23.828    98.527        0.14661        0.00274
    24.023    99.335        0.05980        0.00112
    24.218   100.142        0.16797        0.00314
    24.414   100.950        0.04062        0.00076
    24.609   101.757        0.18466        0.00345
    24.804   102.565        0.02666        0.00050
    24.999   103.373        0.19569        0.00365
    25.195   104.180        0.01869        0.00035
    25.390   104.988        0.20048        0.00374
    25.585   105.795        0.01710        0.00032
    25.781   106.603        0.19889        0.00371
    25.976   107.411        0.02179        0.00041
    26.171   108.218        0.19121        0.00357
    26.367   109.026        0.03229        0.00060
    26.562   109.833        0.17812        0.00333
    26.757   110.641        0.04770        0.00089
    26.953   111.449        0.16066        0.00300
    27.148   112.256        0.06686        0.00125
    27.343   113.064        0.14014        0.00262
    27.538   113.871        0.08838        0.00165
    27.734   114.679        0.11802        0.00220
    27.929   115.487        0.11071        0.00207
    28.124   116.294        0.09584        0.00179
    28.320   117.102        0.13234        0.00247
    28.515   117.909        0.07512        0.00140
    28.710   118.717        0.15182        0.00284
    28.906   119.525        0.05721        0.00107
    29.101   120.332        0.16786        0.00313
    29.296   121.140        0.04327        0.00081
    29.492   121.947        0.17948        0.00335
    29.687   122.755        0.03414        0.00064
    29.882   123.563        0.18599        0.00347
    30.077   124.370        0.03032        0.00057
    30.273   125.178        0.18707        0.00349
    30.468   125.985        0.03196        0.00060
    30.663   126.793        0.18277        0.00341
    30.859   127.601        0.03880        0.00072
    31.054   128.408        0.17352        0.00324
    31.249   129.216        0.05027        0.00094
    31.445   130.023        0.16006        0.00299
    31.640   130.831        0.06547        0.00122
    31.835   131.639        0.14339        0.00268
    32.031   132.446        0.08330        0.00156
    32.226   133.254        0.12473        0.00233
    32.421   134.061        0.10247        0.00191
    32.616   134.869        0.10538        0.00197
    32.812   135.677        0.12165        0.00227
    33.007   136.484        0.08668        0.00162
    33.202   137.292        0.13954        0.00261
    33.398   138.099        0.06989        0.00130
    33.593   138.907        0.15495        0.00289
    33.788   139.715        0.05611        0.00105
    33.984   140.522        0.16688        0.00312
    34.179   141.330        0.04622        0.00086
    34.374   142.137        0.17459        0.00326
    34.570   142.945        0.04081        0.00076
    34.765   143.753        0.17763        0.00332
    34.960   144.560        0.04015        0.00075
    35.155   145.368        0.17590        0.00328
    35.351   146.175        0.04421        0.00083
    35.546   146.983        0.16961        0.00317
    35.741   147.791        0.05261        0.00098
    35.937   148.598        0.15927        0.00297
    36.132   149.406        0.06468        0.00121
    36.327   150.213        0.14568        0.00272
    36.523   151.021        0.07955        0.00149
    36.718   151.829        0.12981        0.00242
    36.913   152.636        0.09613        0.00180
    37.109   153.444        0.11279        0.00211
    37.304   154.251        0.11327        0.00212
    37.499   155.059        0.09582        0.00179
    37.694   155.867        0.12979        0.00242
    37.890   156.674        0.08004        0.00149
    38.085   157.482        0.14457        0.00270
    38.280   158.289        0.06650        0.00124
    38.476   159.097        0.15663        0.00292
    38.671   159.905        0.05611        0.00105
    38.866   160.712        0.16520        0.00308
    39.062   161.520        0.04950        0.00092
    39.257   162.327        0.16974        0.00317
    39.452   163.135        0.04707        0.00088
    39.648   163.943        0.17003        0.00318
    39.843   164.750        0.04891        0.00091
    40.038   165.558        0.16611        0.00310
    40.233   166.365        0.05482        0.00102
    40.429   167.173        0.15833        0.00296
    40.624   167.981        0.06433        0.00120
    40.819   168.788        0.14727        0.00275
    41.015   169.596        0.07673        0.00143
    41.210   170.403        0.13375        0.00250
    41.405   171.211        0.09112        0.00170
    41.601   172.019        0.11874        0.00222
    41.796   172.826        0.10649        0.00199
    41.991   173.634        0.10328        0.00193
    42.187   174.441        0.12178        0.00227
    42.382   175.249        0.08843        0.00165
    42.577   176.057        0.13593        0.00254
    42.772   176.864        0.07521        0.00140
    42.968   177.672        0.14800        0.00276
    43.163   178.479        0.06449        0.00120
    43.358   179.287        0.15719        0.00294
    43.554   180.095        0.05697        0.00106
    43.749   180.902        0.16292        0.00304
    43.944   181.710        0.05312        0.00099
    44.140   182.517        0.16484        0.00308
    44.335   183.325        0.05314        0.00099
    44.530   184.133        0.16289        0.00304
    44.726   184.940        0.05697        0.00106
    44.921   185.748        0.15725        0.00294
    45.116   186.555        0.06431        0.00120
    45.311   187.363        0.14835        0.00277
    45.507   188.170        0.07459        0.00139
    45.702   188.978        0.13687        0.00256
    45.897   189.786        0.08707        0.00163
    46.093   190.593        0.12361        0.00231
    46.288   191.401        0.10087        0.00188
    46.483   192.208        0.10951        0.00204
    46.679   193.016        0.11502        0.00215
    46.874   193.824        0.09556        0.00178
    47.069   194.631        0.12855        0.00240
    47.265   195.439        0.08269        0.00154
    47.460   196.246        0.14053        0.00262
    47.655   197.054        0.07179        0.00134
    47.850   197.862        0.15017        0.00280
    48.046   198.669        0.06357        0.00119
    48.241   199.477        0.15684        0.00293
    48.436   200.284        0.05855        0.00109
    48.632   201.092        0.16012        0.00299
    48.827   201.900        0.05705        0.00107
    49.022   202.707        0.15983        0.00298
    49.218   203.515        0.05912        0.00110
    49.413   204.322        0.15603        0.00291
    49.608   205.130        0.06457        0.00121
    49.804   205.938        0.14902        0.00278
    49.999   206.745        0.07300        0.00136
    50.194   207.553        0.13934        0.00260
    50.389   208.360        0.08377        0.00156
    50.585   209.168        0.12767        0.00238
    50.780   209.976        0.09613        0.00180
    50.975   210.783        0.11483        0.00214
    51.171   211.591        0.10921        0.00204
    51.366   212.398        0.10173        0.00190
    51.561   213.206        0.12211        0.00228
    51.757   214.014        0.08927        0.00167
    51.952   214.821        0.13393        0.00250
    52.147   215.629        0.07828        0.00146
    52.343   216.436        0.14389        0.00269
    52.538   217.244        0.06952        0.00130
    52.733   218.052        0.15131        0.00283
    52.928   218.859        0.06355        0.00119
    53.124   219.667        0.15573        0.00291
    53.319   220.474        0.06075        0.00113
    53.514   221.282        0.15686        0.00293
    53.710   222.090        0.06129        0.00114
    53.905   222.897        0.15468        0.00289
    54.100   223.705        0.06508        0.00122
    54.296   224.512        0.14935        0.00279
    54.491   225.320        0.07184        0.00134
    54.686   226.128        0.14129        0.00264
    54.882   226.935        0.08106        0.00151
    55.077   227.743        0.13107        0.00245
    55.272   228.550        0.09209        0.00172
    55.467   229.358        0.11943        0.00223
    55.663   230.166        0.10415        0.00194
    55.858   230.973        0.10716        0.00200
    56.053   231.781        0.11640        0.00217
    56.249   232.588        0.09513        0.00178
    56.444   233.396        0.12800        0.00239
    56.639   234.204        0.08416        0.00157
    56.835   235.011        0.13816        0.00258
    57.030   235.819        0.07498        0.00140
    57.225   236.626        0.14620        0.00273
    57.421   237.434        0.06822        0.00127
    57.616   238.242        0.15157        0.00283
    57.811   239.049        0.06431        0.00120
    58.006   239.857        0.15395        0.00287
    58.202   240.664        0.06350        0.00119
    58.397   241.472        0.15320        0.00286
    58.592   242.280        0.06580        0.00123
    58.788   243.087        0.14939        0.00279
    58.983   243.895        0.07104        0.00133
    59.178   244.702        0.14281        0.00267
    59.374   245.510        0.07883        0.00147
    59.569   246.318        0.13395        0.00250
    59.764   247.125        0.08860        0.00165
    59.960   247.933        0.12344        0.00230
    60.155   248.740        0.09968        0.00186
    60.350   249.548        0.11200        0.00209
    60.545   250.356        0.11128        0.00208
    60.741   251.163        0.10044        0.00188
    60.936   251.971        0.12260        0.00229
    61.131   252.778        0.08955        0.00167
    61.327   253.586        0.13287        0.00248
    61.522   254.394        0.08008        0.00150
    61.717   255.201        0.14139        0.00264
    61.913   256.009        0.07265        0.00136
    62.108   256.816        0.14759        0.00276
    62.303   257.624        0.06778        0.00127
    62.499   258.432        0.15106        0.00282
    62.694   259.239        0.06576        0.00123
    62.889   260.047        0.15159        0.00283
    63.084   260.854        0.06672        0.00125
    63.280   261.662        0.14916        0.00279
    63.475   262.470        0.07057        0.00132
    63.670   263.277        0.14397        0.00269
    63.866   264.085        0.07701        0.00144
    64.061   264.892        0.13639        0.00255
    64.256   265.700        0.08559        0.00160
    64.452   266.508        0.12696        0.00237
    64.647   267.315        0.09570        0.00179
    64.842   268.123        0.11635        0.00217
    65.038   268.930        0.10663        0.00199
    65.233   269.738        0.10529        0.00197
    65.428   270.546        0.11762        0.00220
    65.623   271.353        0.09456        0.00177
    65.819   272.161        0.12792        0.00239
    66.014   272.968        0.08488        0.00158
    66.209   273.776        0.13682        0.00255
    66.405   274.584        0.07691        0.00144
    66.600   275.391        0.14372        0.00268
    66.795   276.199        0.07119        0.00133
    66.991   277.006        0.14816        0.00277
    67.186   277.814        0.06810        0.00127
    67.381   278.622        0.14985        0.00280
    67.577   279.429        0.06783        0.00127
    67.772   280.237        0.14870        0.00278
    67.967   281.044        0.07038        0.00131
    68.162   281.852        0.14480        0.00270
    68.358   282.660        0.07556        0.00141
    68.553   283.467        0.13844        0.00258
    68.748   284.275        0.08299        0.00155
    68.944   285.082        0.13007        0.00243
    69.139   285.890        0.09214        0.00172
    69.334   286.698        0.12029        0.00225
    69.530   287.505        0.10238        0.00191
    69.725   288.313        0.10977        0.00205
    69.920   289.120        0.11300        0.00211
    70.116   289.928        0.09924        0.00185
    70.311   290.736        0.12325        0.00230
    70.506   291.543        0.08944        0.00167
    70.701   292.351        0.13243        0.00247
    70.897   293.158        0.08103        0.00151
    71.092   293.966        0.13993        0.00261
    71.287   294.774        0.07457        0.00139
    71.483   295.581        0.14523        0.00271
    71.678   296.389        0.07051        0.00132
    71.873   297.196        0.14799        0.00276
    72.069   298.004        0.06911        0.00129
    72.264   298.812        0.14802        0.00276
    72.459   299.619        0.07045        0.00132
    72.655   300.427        0.14534        0.00271
    72.850   301.234        0.07442        0.00139
    73.045   302.042        0.14014        0.00262
    73.241   302.850        0.08074        0.00151
    73.436   303.657        0.13282        0.00248
    73.631   304.465        0.08895        0.00166
    73.826   305.272        0.12387        0.00231
    74.022   306.080        0.09848        0.00184
    74.217   306.888        0.11392        0.00213
    74.412   307.695        0.10867        0.00203
    74.608   308.503        0.10367        0.00194
    74.803   309.310        0.11881        0.00222
    74.998   310.118        0.09382        0.00175
    75.194   310.926        0.12820        0.00239
    75.389   311.733        0.08504        0.00159
    75.584   312.541        0.13620        0.00254
    75.780   313.348        0.07795        0.00146
    75.975   314.156        0.14227        0.00266
    76.170   314.963        0.07301        0.00136
    76.365   315.771        0.14599        0.00273
    76.561   316.579        0.07056        0.00132
    76.756   317.386        0.14712        0.00275
    76.951   318.194        0.07076        0.00132
    77.147   319.001        0.14560        0.00272
    77.342   319.809        0.07358        0.00137
    77.537   320.617        0.14155        0.00264
    77.733   321.424        0.07880        0.00147
    77.928   322.232        0.13524        0.00253
    78.123   323.039        0.08607        0.00161
    78.319   323.847        0.12714        0.00237
    78.514   324.655        0.09487        0.00177
    78.709   325.462        0.11779        0.00220
    78.904   326.270        0.10459        0.00195
    79.100   327.077        0.10787        0.00201
    79.295   327.885        0.11456        0.00214
    79.490   328.693        0.09804        0.00183
    79.686   329.500        0.12407        0.00232
    79.881   330.308        0.08899        0.00166
    80.076   331.115        0.13250        0.00247
    80.272   331.923        0.08134        0.00152
    80.467   332.731        0.13924        0.00260
    80.662   333.538        0.07561        0.00141
    80.858   334.346        0.14386        0.00269
    81.053   335.153        0.07219        0.00135
    81.248   335.961        0.14603        0.00273
    81.443   336.769        0.07130        0.00133
    81.639   337.576        0.14562        0.00272
    81.834   338.384        0.07300        0.00136
    82.029   339.191        0.14266        0.00266
    82.225   339.999        0.07716        0.00144
    82.420   340.807        0.13737        0.00257
    82.615   341.614        0.08349        0.00156
    82.811   342.422        0.13013        0.00243
    83.006   343.229        0.09153        0.00171
    83.201   344.037        0.12142        0.00227
    83.397   344.845        0.10074        0.00188
    83.592   345.652        0.11187        0.00209
    83.787   346.460        0.11047        0.00206
    83.982   347.267        0.10214        0.00191
    84.178   348.075        0.12004        0.00224
    84.373   348.883        0.09289        0.00173
    84.568   349.690        0.12881        0.00241
    84.764   350.498        0.08476        0.00158
    84.959   351.305        0.13616        0.00254
    85.154   352.113        0.07831        0.00146
    85.350   352.921        0.14159        0.00264
    85.545   353.728        0.07398        0.00138
    85.740   354.536        0.14474        0.00270
    85.936   355.343        0.07206        0.00135
    86.131   356.151        0.14540        0.00272
    86.326   356.959        0.07268        0.00136
    86.521   357.766        0.14352        0.00268
    86.717   358.574        0.07579        0.00142
    86.912   359.381        0.13924        0.00260
    87.107   360.189        0.08116        0.00152
    87.303   360.997        0.13286        0.00248
    87.498   361.804        0.08843        0.00165
    87.693   362.612        0.12483        0.00233
    87.889   363.419        0.09708        0.00181
    88.084   364.227        0.11571        0.00216
    88.279   365.035        0.10651        0.00199
    88.475   365.842        0.10613        0.00198
    88.670   366.650        0.11608        0.00217
    88.865   367.457        0.09675        0.00181
    89.060   368.265        0.12511        0.00234
    89.256   369.073        0.08822        0.00165
    89.451   369.880        0.13300        0.00248
    89.646   370.688        0.08112        0.00151
    89.842   371.495        0.13919        0.00260
    90.037   372.303        0.07594        0.00142
    90.232   373.111        0.14326        0.00268
    90.428   373.918        0.07304        0.00136
    90.623   374.726        0.14494        0.00271
    90.818   375.533        0.07261        0.00136
    91.014   376.341        0.14412        0.00269
    91.209   377.149        0.07467        0.00139
    91.404   377.956        0.14085        0.00263
    91.599   378.764        0.07909        0.00148
    91.795   379.571        0.13536        0.00253
    91.990   380.379        0.08555        0.00160
    92.185   381.187        0.12805        0.00239
    92.381   381.994        0.09359        0.00175
    92.576   382.802        0.11941        0.00223
    92.771   383.609        0.10268        0.00192
    92.967   384.417        0.11004        0.00205
    93.162   385.225        0.11216        0.00209
    93.357   386.032        0.10059        0.00188
    93.553   386.840        0.12140        0.00227
    93.748   387.647        0.09172        0.00171
    93.943   388.455        0.12975        0.00242
    94.138   389.263        0.08404        0.00157
    94.334   390.070        0.13664        0.00255
    94.529   390.878        0.07807        0.00146
    94.724   391.685        0.14159        0.00264
    94.920   392.493        0.07423        0.00139
    95.115   393.301        0.14426        0.00269
    95.310   394.108        0.07277        0.00136
    95.506   394.916        0.14448        0.00270
    95.701   395.723        0.07380        0.00138
