#       Q              S_11(Q)         S_22(Q)         S_33(Q)         S_44(Q)         S_55(Q)         S_66(Q)         S_77(Q)
       0.0824856    1323.8061523     663.8215332     664.0687256      69.2182999      68.6802292      69.2567139      61.9535561
       0.1649712     114.6589355      57.8830795      57.9277649       6.3255720       6.3085508       6.9236856       3.6315424
       0.2474569      19.7667999      10.0067453       9.9923620       1.5174408       1.5716075       2.2407970       0.2860993
       0.3299425       3.4364326       1.7486576       1.7424347       0.3172225       0.4406425       0.8428609       0.4078260
       0.4124281       2.7483544       1.4067918       1.3991781       0.3139753       0.3903131       0.8052192       0.6160304
       0.4949138       1.5179024       0.7765757       0.7691669       0.2733803       0.3564994       0.7223584       0.5639249
       0.5773994       1.2204349       0.6306619       0.6221857       0.2684857       0.3177435       0.7273087       0.6789447
       0.6598850       0.8471450       0.4373609       0.4298970       0.3778634       0.3558874       0.8795559       0.9884963
       0.7423706       0.7681106       0.3974738       0.3891677       0.3678962       0.5254147       0.8018110       0.7105391
       0.8248562       0.5730211       0.3125879       0.3091739       0.6307987       0.8004404       0.7183150       0.7075028
       0.9073418       0.5153597       0.2803185       0.2746471       0.9621513       1.1254475       0.8298367       0.8440437
       0.9898275       0.4555261       0.2608226       0.2573665       1.5668733       1.2603230       0.9222437       0.9694994
       1.0723131       0.4350151       0.2568879       0.2537746       1.5469429       1.2807589       0.9388748       0.9773403
       1.1547987       0.4583278       0.2793311       0.2760137       1.1674362       1.0296893       0.9710319       0.9723221
       1.2372843       0.4527949       0.2779409       0.2735283       1.0861723       0.9757354       0.9490415       1.0078514
       1.3197700       0.4825928       0.2995265       0.2946244       0.9605423       0.9254156       0.9314784       1.0875343
       1.4022557       0.5262760       0.3428059       0.3371072       0.9301409       0.9739963       0.9530920       1.1475627
       1.4847412       0.6308343       0.4213475       0.4146623       0.9708327       1.0564973       0.9606427       1.2507235
       1.5672269       0.7404524       0.5182550       0.5119155       0.9508277       1.0903034       1.0247244       1.1697209
       1.6497124       0.8052953       0.6054649       0.6029207       0.9110835       1.0426997       1.0084597       0.9982303
       1.7321981       0.9064875       0.7303532       0.7340329       0.9008229       0.9820314       1.0280831       0.9662232
       1.8146837       0.9500218       0.8198972       0.8251179       0.9300436       0.9501235       1.0172167       0.9027960
       1.8971694       0.9668256       0.9197822       0.9353403       1.0119195       0.9338949       1.0314983       0.8968526
       1.9796550       0.9925837       1.0206398       1.0353527       1.0511619       0.9516419       1.0516465       0.9074095
       2.0621407       0.9602976       1.0479991       1.0615147       1.0665441       0.9968492       1.0702384       0.9426752
       2.1446261       0.8830242       1.0335206       1.0488906       1.0187107       1.0198832       1.0584059       0.9709767
       2.2271118       0.8352889       1.0477046       1.0643384       1.0331705       1.0375648       1.0220838       1.0110966
       2.3095975       0.8131822       1.0834244       1.0875525       1.0167394       1.0608370       1.0029926       1.0316545
       2.3920832       0.7878788       1.1007168       1.0952003       1.0159391       1.0479869       1.0105560       1.0180790
       2.4745686       0.7786700       1.1379976       1.1273901       1.0238639       0.9954509       1.0008318       1.0369368
       2.5570543       0.7815457       1.1726633       1.1519197       0.9915192       0.9942437       1.0205740       1.0718490
       2.6395400       0.7938615       1.2317514       1.2144891       0.9866804       0.9835126       0.9699920       1.0702685
       2.7220256       0.8077868       1.3041445       1.2722744       1.0093991       0.9778396       0.9889021       1.0346290
       2.8045113       0.8167381       1.3393149       1.3262720       0.9948456       1.0136538       1.0012964       1.0267084
       2.8869967       0.8480312       1.3379107       1.3279610       1.0246453       1.0288640       1.0027096       0.9909438
       2.9694824       0.8854266       1.3525987       1.3480415       1.0211537       1.0379651       0.9957322       0.9958151
       3.0519681       0.9214588       1.2823824       1.2881026       1.0052531       1.0297245       0.9906675       0.9838337
       3.1344538       0.9791399       1.2122129       1.2246450       0.9844851       1.0135721       0.9953306       0.9835183
       3.2169392       1.0075283       1.0850778       1.0955261       0.9805737       0.9973797       1.0078033       0.9684501
       3.2994249       1.0389411       1.0070387       1.0184563       0.9973533       0.9870476       1.0085787       0.9782942
       3.3819106       1.0578871       0.9044923       0.9105676       1.0095059       0.9780892       0.9907678       0.9857939
       3.4643962       1.0516237       0.8398178       0.8467574       1.0248833       0.9640572       1.0042753       1.0052480
       3.5468819       1.0698082       0.8113238       0.8148091       1.0274600       0.9976113       1.0031829       0.9987618
       3.6293674       1.0687954       0.7722113       0.7726486       1.0205822       1.0272337       0.9967365       1.0259169
       3.7118530       1.0546981       0.7531057       0.7512966       1.0173209       1.0226026       1.0088692       1.0043964
       3.7943387       1.0430601       0.7552258       0.7444068       0.9976686       1.0275143       1.0233326       1.0290439
       3.8768244       1.0205114       0.7678348       0.7609579       0.9956459       0.9852989       1.0161440       1.0233972
       3.9593101       1.0129236       0.7938946       0.7914776       1.0064808       0.9955904       1.0034987       1.0421135
       4.0417957       0.9625871       0.8676392       0.8679717       0.8379768       0.8246935       1.0554014       0.9812676
       4.1242814       0.9300933       0.8452554       0.8134375       1.0149585       0.7826447       0.8943884       1.0628744
       4.2067666       1.1657624       0.8476092       0.8630674       1.1789864       1.0264497       0.9600595       0.9693310
       4.2892523       1.1983489       0.9387134       0.7927107       1.1472712       1.0520005       1.0325339       1.1071157
       4.3717380       1.0361725       0.9702213       0.9434673       0.9968970       1.1604413       0.8517639       1.2163587
       4.4542236       1.0168412       0.9654436       0.8636125       1.0112256       1.0428334       1.0897932       1.1751167
       4.5367093       1.1281431       0.9958385       1.0927216       0.9453758       0.9835262       1.2850965       0.8751937
       4.6191950       1.0697552       1.2232146       1.1319249       1.1159232       1.0564176       1.2217299       0.9181387
       4.7016807       1.0131638       1.1838126       1.2497505       0.8806698       0.9946440       1.2652704       0.9833057
       4.7841663       0.9756230       0.9921175       0.8500233       0.9640224       1.0103953       1.0149199       1.0821334
       4.8666520       1.1651335       1.0671958       1.0842910       0.9145517       0.9951097       0.8588177       0.9070842
       4.9491372       1.0267240       1.0745935       0.9708958       1.1179593       1.0375535       1.0779697       0.9408171
       5.0316229       0.8517644       0.9296578       1.0370805       1.1169909       0.9489203       0.9784387       0.9746683
       5.1141086       0.9544953       0.9057912       0.9099512       1.0820398       1.2184153       0.9343689       1.0061049
       5.1965942       0.9253964       0.9801653       1.0122802       1.0130311       1.0195670       1.0143766       0.9661177
       5.2790799       0.8263835       1.1128752       1.1415299       0.9761235       0.9860241       1.1610115       1.1795105
       5.3615656       0.8391486       0.9768767       0.8985564       0.9628538       0.8280143       0.9002345       1.0892416
       5.4440513       1.0137162       0.7639006       0.7478292       0.9451700       0.9288219       1.1259240       0.8247198
       5.5265369       0.8776270       0.9246185       0.9764851       0.8681611       0.9390978       0.9811620       0.9877208
       5.6090226       1.0090085       0.8340088       1.0865350       1.0815357       0.8544694       0.8987502       1.0624528
       5.6915078       0.9110402       0.9293144       1.1061863       0.8427995       1.0254124       0.9646465       1.0387022
       5.7739935       0.8699173       0.9192683       0.8889131       1.0980159       1.2033914       0.9445825       1.0597521
       5.8564792       0.9333459       0.9417165       0.8691772       1.0201048       0.9817760       0.9891787       0.9814015
       5.9389648       0.9935706       0.9866495       0.9488565       0.9276878       1.0602199       0.9881368       0.9241392
       6.0214505       0.9457458       0.9776590       0.8439919       0.9149246       0.8198543       1.1237066       1.1409661
       6.1039362       0.9417705       1.0706955       0.8771303       0.9059895       1.1349272       1.0882664       1.0501869
       6.1864219       0.9062461       0.7883574       1.0875207       1.0850661       0.9877275       1.2687448       0.8441204
       6.2689075       1.1366937       0.8233520       0.9502980       1.0254551       0.9486984       1.1818911       0.9951197
       6.3513932       0.9227871       0.7130880       0.9539758       0.9867704       0.9993521       1.0678465       0.9020122
       6.4338784       0.9946873       1.0698394       1.0408578       0.9905202       0.9387481       1.3349711       0.9887279
       6.5163641       0.9402132       1.0127501       0.9810588       1.2122142       0.9712045       1.0652876       0.8989480
       6.5988498       1.0053709       0.9950391       1.1166158       1.1896561       0.9815389       1.0507642       0.8225336
       6.6813354       1.0065747       1.1068542       1.1870579       1.2112157       0.9292946       0.8802990       0.9267870
       6.7638211       1.0503131       1.0903754       1.1443393       1.2650208       0.9705271       0.8562537       0.9099523
       6.8463068       1.1241904       0.9632418       1.0892682       1.0537393       0.9257921       1.1378119       1.0124182
       6.9287925       1.1251699       0.9085944       1.0452703       1.0041187       0.9903539       0.8195780       0.9613854
       7.0112782       0.9827529       0.9588679       1.0932878       1.0127473       0.9710315       0.8831870       1.1244535
       7.0937638       1.0166485       1.2053922       1.0077387       1.0395360       1.0311618       0.9606067       1.1153163
       7.1762490       1.1128800       1.1773933       1.2971407       1.1673641       0.9122163       0.9834299       1.0513105
       7.2587347       1.0726554       0.9027158       0.9306222       1.1093299       0.9657212       0.8802559       1.1198585
       7.3412204       0.9450034       1.0575422       1.0917386       1.0599164       1.0700594       0.9328074       1.0667433
       7.4237061       0.8613769       1.0330580       1.1029286       1.0770144       1.2085811       0.8565280       0.9772636
       7.5061917       0.9101477       1.1489753       1.1648844       0.9779209       0.9720190       0.9227061       0.9780241
       7.5886774       0.8142403       1.0661113       1.0347335       1.1829128       0.9249994       0.9012297       1.0270356
       7.6711631       0.9289127       1.0088801       1.1621357       1.0008062       1.0296075       1.1099616       1.0255136
       7.7536488       1.0908964       0.8227197       1.0059638       0.9957710       0.9397227       0.9444696       1.0232900
       7.8361344       0.9645290       1.0381743       0.8402494       0.8151788       0.8281867       1.0677798       0.8595209
       7.9186201       1.0929261       1.1140774       0.8535901       0.9373778       0.9635212       1.0121218       1.0632594
       8.0011053       0.9900076       1.0844376       1.1510984       1.0653845       1.1859121       0.9692003       0.9973716
       8.0835915       0.9913301       0.9251505       1.0579046       0.9477664       0.9794405       1.1657109       0.9878706
       8.1660767       0.9971449       0.8365558       0.9821200       0.8793765       0.9065207       0.9168555       1.0327785
       8.2485628       1.0449854       0.7927652       0.8926125       0.8847413       0.9465934       1.1787124       0.8808371
       8.3310480       1.1679696       0.8623018       0.9987013       0.8857821       1.0218049       1.1795723       1.0946593
       8.4135332       1.1249775       1.2494205       1.1270019       0.8582813       1.1373609       1.0028827       1.1091751
       8.4960194       1.2407815       1.0694114       0.9035748       0.9203755       0.8429208       1.0181326       0.8884115
       8.5785046       1.0418758       1.3773786       0.8262398       1.1588558       0.9887803       0.8955823       0.9645505
       8.6609907       0.8906458       1.1476998       0.9510229       1.1201125       1.0312065       1.1220965       1.0728208
       8.7434759       1.0768180       1.0449530       0.9724826       1.0648708       0.9135081       1.0544592       0.8798552
       8.8259621       1.0201502       1.0019193       0.8652043       1.0078499       1.1285398       1.1403650       1.0770209
       8.9084473       0.8824225       1.0366038       0.9587177       0.9740310       0.9451238       0.9210400       1.2270049
       8.9909334       1.1461104       0.8943971       1.1124660       0.8908463       1.1944100       0.8825764       0.9383783
       9.0734186       1.1113453       0.7428249       1.0852091       1.0583203       1.0230690       0.8547223       1.1840652
       9.1559038       1.0578492       0.9599828       0.8838577       0.9682956       0.7603161       1.1165725       0.8114610
       9.2383900       0.8063067       1.0825264       0.9291679       1.0105897       1.0663925       1.0644583       0.8991905
       9.3208752       1.0032793       0.8945788       0.8955345       0.9532918       1.1207818       0.9822810       1.0508225
       9.4033613       0.8909914       1.1046996       1.0132703       1.0841525       1.0504986       1.0640899       1.0944722
       9.4858465       1.0977738       0.9670102       0.9603057       1.0354402       1.1591151       0.9535209       0.9528286
       9.5683327       1.1933217       1.0896559       1.0388683       0.7106195       0.9494339       0.7588526       0.8629214
       9.6508179       1.1598231       1.0740577       1.0225276       0.9057799       1.0994229       0.9771440       1.0155243
       9.7333040       1.1961343       1.1274418       1.0167141       1.0668349       1.0230733       0.9117972       1.0783919
       9.8157892       1.0514231       1.0380461       0.9024394       1.1918657       0.9667857       1.1787454       1.1516057
       9.8982744       1.0853995       0.8752626       0.7971843       1.0238485       0.8524516       1.0898973       1.0903237
       9.9807606       1.0400528       0.9842893       0.8992844       0.9936780       1.0246964       0.8994973       0.9772239
      10.0632458       1.1380459       0.9531624       0.9871933       1.0216078       0.9304596       0.9910724       0.9615794
      10.1457319       0.8269044       0.8259795       0.8817434       1.1515106       1.0598078       0.9377049       1.0660990
      10.2282171       0.6874151       0.7706891       1.0082883       0.9525216       1.0726080       1.1103531       1.1722261
      10.3107033       0.7730068       0.9465328       1.1966860       1.1285440       1.0187171       0.9352315       1.0920593
      10.3931885       0.8725600       0.9665009       1.0286057       1.1316886       0.9715257       0.8422466       1.1475542
      10.4756746       1.0892475       1.0680950       0.9597264       0.8241472       0.9776860       0.8903604       1.0595264
      10.5581598       0.8488091       0.9024137       1.1252562       0.8837782       0.9802681       1.0439366       1.2275783
      10.6406450       0.8527229       1.0147904       0.8499699       0.8813520       1.0086241       0.9698441       0.9397789
      10.7231312       0.8993814       0.9587092       0.9706361       0.8966364       0.9231260       1.0034422       1.0067742
      10.8056164       0.8543473       1.1848251       0.9381877       0.9652027       0.9847112       0.8154348       1.0398206
      10.8881025       0.8679965       1.0021169       1.1708562       1.0465606       0.8769011       0.9379632       0.9725129
      10.9705877       1.2282341       1.2142520       0.8603699       1.2363272       0.7833657       1.1703749       1.0270927
      11.0530739       1.0941999       1.0930654       0.8539990       1.2328811       0.9186599       0.9525762       1.0725148
      11.1355591       0.9779093       0.9556479       0.9993330       1.1778564       0.8917730       1.0019848       1.1616858
      11.2180452       1.0943458       0.9633533       1.0272232       0.9694346       1.1078143       0.9941409       1.1248990
      11.3005304       1.0633587       1.1311036       0.9833138       0.9926344       1.0126851       0.9826123       0.9689416
      11.3830156       0.9470357       0.9321547       1.0498112       0.8629769       0.9306159       1.2226690       0.9197919
      11.4655018       1.0174454       1.0091431       0.8578673       0.8592361       1.0020111       0.9897895       0.8359382
      11.5479870       0.9269338       1.0657017       0.9181042       0.9964018       0.8836434       1.1376711       1.0023446
      11.6304731       0.8047558       0.9615794       1.1469842       1.0672252       1.0515221       1.0921285       1.1827914
      11.7129583       0.7276618       0.8923962       0.9633430       0.9630235       1.0664299       1.0722054       1.1696292
      11.7954445       0.9740715       1.0873773       1.1381916       0.8955235       1.0001745       1.0871298       1.1321943
      11.8779297       1.1324916       0.8677438       0.8807417       0.9239489       0.8774384       1.1046031       1.0840952
      11.9604158       1.0401020       1.1150892       0.9036797       0.7921140       0.9460933       0.9053628       0.9723182
      12.0429010       1.0739036       0.9998228       1.2435617       0.9641636       0.9562833       1.0449362       1.2979810
      12.1253862       1.0902863       1.0545565       0.8857055       0.9221837       1.0248603       1.0504203       1.1403861
      12.2078724       0.9904781       0.9742427       0.8846268       1.1826086       1.0649152       0.9449327       0.9969433
      12.2903576       1.0576868       0.9280145       0.9481309       1.0548424       1.1174424       0.7799098       0.9277915
      12.3728437       1.1436249       1.0321090       1.0348432       1.1778270       1.0879520       0.9071817       0.8373743
      12.4553289       1.0949414       0.9561533       0.9681477       1.0506097       0.9451161       1.0529026       1.0022891
      12.5378151       1.1913520       0.8442363       0.8939204       1.0464305       1.1112847       1.2113680       1.0122432
      12.6203003       1.0097911       0.9177797       1.0189289       1.0734646       1.0350839       1.1337039       1.0771577
      12.7027864       1.1231679       0.9951876       1.0105442       1.1239849       1.0825061       0.9963297       0.8415855
      12.7852716       1.1470283       0.8836142       0.9937618       1.0623752       1.1824667       0.9082449       1.0766459
      12.8677568       1.1896802       0.9195265       0.9140952       0.9342178       0.9367082       0.9165473       1.0585372
      12.9502430       1.2910745       1.1312008       0.9548419       0.8269025       0.9757679       0.9162961       0.9667426
      13.0327282       1.0278629       1.0383179       1.0042027       0.9012148       0.8956550       0.7752452       0.8827889
      13.1152143       0.9619061       1.1222017       0.8519760       0.9571137       0.9470462       0.9327235       1.2508751
      13.1976995       0.9146450       0.9779419       0.8277714       0.7181252       1.0771728       1.0406744       0.9803239
      13.2801857       0.9782282       0.7712748       1.0028346       0.7383137       1.2180644       1.0110359       0.8779581
      13.3626709       0.9723278       1.0194404       0.7909487       0.9880137       1.0711462       0.7186142       0.9881507
      13.4451571       0.8124003       0.8049071       1.0482616       0.9882762       1.1395483       0.8134854       0.9754675
      13.5276423       1.2729821       0.8603691       0.9467261       1.1120871       0.7728978       0.9385691       0.9518501
      13.6101274       0.9509881       1.0250088       1.2310543       0.8860416       0.9346295       1.0897582       1.1261148
      13.6926136       1.0095336       0.9339005       1.2595054       0.9023948       0.8463998       1.0647861       0.9086118
      13.7750988       0.9515028       0.9548371       1.2292968       0.8526989       1.0113938       1.1580247       0.9780571
      13.8575850       1.0313909       0.8825581       0.9353722       0.8248710       0.9512065       1.0395211       0.8689023
      13.9400702       1.1105378       0.9006961       0.8461266       0.9292315       0.9416599       1.2467458       1.0545064
      14.0225563       1.0351160       0.8103065       1.1949525       0.8974828       0.8813220       0.8424839       1.0587837
      14.1050415       0.9869195       0.8748289       1.1758494       0.9987392       0.9082374       0.9475537       1.0425742
      14.1875277       1.2751456       0.8774399       1.0994253       1.0306138       1.0031273       0.9508565       1.0454804
      14.2700129       1.2907870       0.8506240       0.8623646       1.0129780       0.9481058       1.0218027       1.0182601
      14.3524981       0.9973390       0.9205284       1.0124186       0.8314730       0.8916852       0.9937546       0.9309561
      14.4349842       1.0150529       1.1462836       1.0237904       0.9959028       0.7833396       0.8559272       1.0202599
      14.5174694       0.8761024       1.0093392       0.8911920       1.1479505       1.0504222       0.9571595       1.1294316
      14.5999556       1.1273482       1.2049775       0.9242260       1.1323287       0.8632644       1.0894798       1.0306894
      14.6824408       1.0765944       1.0735054       0.9738207       0.9912543       1.0161747       1.0676167       1.0490254
      14.7649269       1.1115251       1.0954258       1.0744632       1.0596668       0.9847367       0.9084469       0.9232094
      14.8474121       1.0773147       1.0651915       1.0626553       0.8587639       1.1122699       1.0052400       0.8925717
      14.9298983       1.0906174       0.9027105       1.0337943       1.0796838       1.0723515       1.0949132       0.8050755
      15.0123835       1.1633661       1.0426751       1.2461580       0.8243628       1.0686640       1.0423375       0.9979750
      15.0948687       0.8309079       0.8966833       1.3126347       1.0049775       0.9946609       0.9843170       1.0093862
      15.1773548       1.0715085       0.9554321       1.1764994       0.9617682       1.0838270       0.9960874       1.2347631
      15.2598400       1.2057338       1.2397138       1.0156233       1.0785111       0.9485094       0.9950876       0.9624038
      15.3423262       0.8769760       0.9333153       0.9693949       1.0400549       0.8253413       0.9734046       0.9347149
      15.4248114       1.0155158       0.9024040       0.8265289       0.9663077       1.0168008       1.0902420       0.9556962
      15.5072975       0.8858770       0.8662025       0.8599801       1.0372255       1.0291772       0.8997072       0.7901489
      15.5897827       1.1238626       0.9489419       0.7733117       1.0928122       0.9766347       0.9054775       0.9748636
      15.6722689       1.0198243       0.9589091       0.9466661       0.9287791       1.0043025       0.9274239       0.9326216
      15.7547541       1.0234015       0.9339843       1.0910492       0.9532124       1.0477389       0.8703773       0.7536811
      15.8372402       1.0836904       1.0720019       1.1529495       1.2421125       0.9785287       1.0365710       0.9321615
      15.9197254       1.0450915       1.0560197       0.9227250       1.1746979       1.0155728       0.9511878       1.2591629
      16.0022106       0.9915680       1.0214809       1.0759552       1.0199851       0.9624258       1.1974427       1.0405294
      16.0846958       0.9790476       1.0418770       1.0803241       0.7422672       1.3143231       1.3258095       0.8413533
      16.1671829       0.9208772       1.0827850       1.1438689       0.8982412       1.3149947       1.0530709       1.0181879
      16.2496681       0.9815456       1.0322942       0.8571661       0.7453137       1.0258642       0.9204823       1.0985262
      16.3321533       0.9513203       0.9847142       0.9061258       0.9092044       0.9795297       1.1277467       1.1418712
      16.4146385       0.9589814       0.9912214       0.9739543       0.8493506       0.9569352       0.9390934       1.0136622
      16.4971256       1.0868455       0.9588588       0.9903116       0.8116893       1.0571288       1.0390385       0.9483784
      16.5796108       1.1332488       0.8295378       1.0983430       0.9302212       0.9372799       0.9791100       1.0937549
      16.6620960       1.0956362       0.8859972       0.8920493       0.8203382       1.0125736       1.1994611       1.0427397
      16.7445812       1.0099870       0.8722953       1.1373310       0.8731423       0.9727660       1.2528070       0.9953086
      16.8270664       1.0937632       1.0799847       1.1846464       0.7765521       0.8407862       0.9821197       0.8953400
      16.9095535       1.1692644       1.1325999       1.1976452       1.1333110       0.9755402       0.8839088       0.7906811
      16.9920387       1.0520813       1.0382712       1.1445428       1.0930319       0.6978385       0.9212242       1.2190721
      17.0745239       1.1641409       1.1589025       1.0020641       0.9923785       1.0104426       1.0214070       1.0706568
      17.1570091       1.1501278       1.1747555       0.8514239       1.0606358       0.9520476       1.0899072       0.9817110
      17.2394962       0.9903871       1.0681429       1.0631582       0.9383425       0.9174035       1.0670189       0.8334447
      17.3219814       1.1342791       0.9850068       1.1019868       0.9675868       1.0281476       1.0730087       1.1512654
      17.4044666       1.1797700       0.9354695       1.0499438       1.2459339       1.1623693       1.0662796       0.9483722
      17.4869518       1.0046147       1.1449821       0.9256979       1.0056093       0.9954503       0.8432611       1.1393116
      17.5694370       0.9272472       1.0342151       0.9668144       0.8721182       1.0709641       0.8871593       1.0431615
      17.6519241       0.9050029       0.9824928       0.9549596       0.9972825       0.9027758       0.9216282       1.2295066
      17.7344093       0.8767622       1.1503650       1.1444387       0.8841249       1.0599082       0.8637699       1.2244761
      17.8168945       0.8524427       1.0418540       1.0061456       1.0728836       1.0288076       0.8332224       1.2008578
      17.8993797       1.0171740       0.9127355       0.9144967       1.0685856       1.0213451       0.9902147       1.1164466
      17.9818668       1.0676889       1.0048270       1.0243363       0.9854003       1.1511446       1.0487090       1.0585841
      18.0643520       1.0672189       1.1028795       0.9651569       1.2429632       0.9851664       1.1439694       1.2705624
      18.1468372       0.9799519       0.9558666       1.2007004       0.9556457       0.9418221       1.0657493       1.1828785
      18.2293224       1.1433039       0.9543765       0.9174246       0.9059527       0.9621131       1.1167351       0.9492009
      18.3118076       0.9810101       0.8517848       1.0450968       0.9560326       0.9456258       1.1276140       0.9102805
      18.3942947       1.1098975       1.0021440       1.0942700       0.8975871       0.8736985       1.1040787       1.1210299
      18.4767799       0.9190536       0.8395774       1.1507715       0.9325777       0.9421418       0.9959744       1.0297415
      18.5592651       0.9489518       1.0497464       1.1011388       0.9722996       1.1023381       1.0364459       0.8714006
      18.6417503       1.1394770       1.1380055       0.9439177       0.9658253       1.3947163       1.1290962       0.8375857
      18.7242374       1.1731044       0.9824602       0.9379069       1.0615190       1.0397269       1.0178026       0.8564007
      18.8067226       1.1051737       1.0324938       1.1302028       1.2069538       0.8103031       0.8240494       1.0469322
      18.8892078       0.8981780       1.1176282       0.7682210       1.2136159       1.0240527       1.1757215       1.0883017
      18.9716930       0.8266231       1.1424518       1.1478405       1.1917256       1.0665290       0.9675194       0.7686638
      19.0541782       0.8186323       1.2028196       0.8936595       1.0757343       1.1852447       1.0104775       0.7461656
      19.1366653       0.9923318       1.0805995       1.1190311       1.0200698       1.0451033       1.2158908       1.1114025
      19.2191505       1.0114915       1.0531594       0.9540281       1.0925274       0.9556835       0.9583838       1.1226697
      19.3016357       0.9914550       1.0063100       1.0417438       1.0788778       1.1379201       0.8552563       0.8171955
      19.3841209       0.8222923       1.0405310       1.1913495       1.0347290       1.0581070       1.0692918       0.8338102
      19.4666080       0.9102737       1.2156984       1.1203986       1.1026323       1.1181935       1.1588784       0.8478994
      19.5490932       1.0503172       1.0908105       0.9434317       1.3062714       0.9711173       1.1434236       1.0426621
      19.6315784       0.9722205       0.9859208       1.1427140       0.9721165       1.0424572       1.2555212       1.0805421
      19.7140636       0.9598233       0.9796668       0.8177741       1.1335244       1.0614994       0.8408544       0.9791507
      19.7965488       0.8670209       0.8007374       1.0161949       0.9019102       0.9112210       0.8878650       0.7741722
      19.8790359       1.0025659       0.8642608       1.0168239       1.1036893       0.9827099       0.9214469       0.8879543
      19.9615211       1.0293326       1.1567012       0.8330650       0.9020333       1.0192155       0.9721084       1.1758844
