#       r                 g_61(r)         g_62(r)         g_63(r)         g_64(r)         g_65(r)         g_66(r)         g_67(r)
         0.25000         0.00000         0.00000         0.00000         0.00000         0.00000         0.00000         0.00000
         0.50000         0.00000         0.00000         0.00000         0.00000         0.00000         0.00000         0.00000
         0.75000         0.00000         0.00000         0.00000         0.00000         0.00000         0.00000        36.84799
         1.00000         0.00000         0.00000         0.00000         0.00000        21.10326         0.00000         0.00000
         1.25000         0.00000         0.00000         0.00000         0.00000         0.00000         0.00000         0.00000
         1.50000         0.00000         0.00000         0.00000         0.00000         0.03038         4.63871         0.00163
         1.75000         0.00000         0.00000         0.00000         0.00000         2.18751         0.08976         0.89004
         2.00000         0.00000         0.00000         0.00002         0.00000         1.84596         0.88377         2.34278
         2.25000         0.01046         0.00000         0.00142         0.00000         0.40041         2.06082         0.68421
         2.50000         0.99099         0.00000         0.03346         0.00000         0.16561         2.03770         0.24996
         2.75000         2.24690         0.00003         0.25331         0.00001         0.48793         1.21920         0.65719
         3.00000         1.12487         0.00275         0.72851         0.00072         1.71907         0.89194         1.65049
         3.25000         0.41600         0.06217         1.12130         0.00903         2.35666         1.07884         2.34270
         3.50000         0.35098         0.39203         1.27464         0.08033         1.79547         1.39007         1.75338
         3.75000         0.85474         0.95156         1.28187         0.37095         1.32480         1.56958         1.22367
         4.00000         1.31970         1.33296         1.24427         0.85271         1.18615         1.44063         1.14640
         4.25000         1.14790         1.43034         1.15236         1.19926         1.18786         1.26095         1.17230
         4.50000         0.94036         1.38416         1.04543         1.29148         1.18064         1.22017         1.17744
         4.75000         0.89638         1.27572         0.97197         1.25761         1.16842         1.20133         1.16536
         5.00000         0.91187         1.15024         0.93532         1.19950         1.17970         1.15159         1.16815
         5.25000         0.92295         1.05320         0.92016         1.10201         1.18551         1.09819         1.17474
         5.50000         0.90584         1.00375         0.92311         0.99224         1.16119         1.07381         1.15123
         5.75000         0.88249         0.97982         0.94806         0.91325         1.11120         1.07604         1.09711
         6.00000         0.87211         0.96748         0.99381         0.87158         1.05493         1.07796         1.03754
         6.25000         0.86774         0.96613         1.03896         0.85123         1.02572         1.06593         1.00552
         6.50000         0.86541         0.98491         1.05881         0.85443         1.03006         1.04907         1.01104
         6.75000         0.86540         1.01459         1.04688         0.88970         1.05546         1.04076         1.03808
         7.00000         0.88223         1.04308         1.02527         0.95626         1.08264         1.04215         1.06617
         7.25000         0.92238         1.05359         1.00462         1.02685         1.10011         1.04879         1.08368
         7.50000         0.97239         1.04617         0.99038         1.07198         1.10100         1.05483         1.08462
         7.75000         1.01354         1.03274         0.98348         1.08079         1.08755         1.05918         1.07213
         8.00000         1.04189         1.01798         0.98120         1.06770         1.06920         1.05850         1.05433
         8.25000         1.05609         1.00519         0.98210         1.04929         1.05445         1.05298         1.03971
         8.50000         1.05578         0.99241         0.98534         1.03643         1.04702         1.04486         1.03186
         8.75000         1.04763         0.98112         0.99060         1.02390         1.04533         1.03679         1.03045
         9.00000         1.03738         0.97030         0.99688         1.01513         1.04691         1.03126         1.03200
         9.25000         1.02875         0.96368         1.00227         1.00929         1.04776         1.02845         1.03328
         9.50000         1.02225         0.96121         1.00360         1.00469         1.04688         1.02735         1.03264
         9.75000         1.01977         0.96383         1.00147         1.00210         1.04339         1.02709         1.02940
        10.00000         1.01774         0.96832         0.99878         0.99973         1.03870         1.02675         1.02483
        10.25000         1.01566         0.97533         0.99601         0.99851         1.03503         1.02593         1.02094
        10.50000         1.01116         0.98384         0.99514         0.99828         1.03322         1.02477         1.01918
        10.75000         1.00664         0.99261         0.99554         0.99994         1.03450         1.02383         1.02039
        11.00000         1.00432         1.00082         0.99659         1.00225         1.03713         1.02282         1.02281
        11.25000         1.00419         1.00605         0.99917         1.00576         1.03927         1.02276         1.02485
        11.50000         1.00451         1.00962         1.00149         1.00891         1.03983         1.02285         1.02540
        11.75000         1.00675         1.01327         1.00269         1.01247         1.03872         1.02260         1.02441
        12.00000         1.00920         1.01549         1.00493         1.01438         1.03667         1.02160         1.02246
        12.25000         1.00930         1.01627         1.00689         1.01549         1.03402         1.02005         1.01980
        12.50000         1.00797         1.01618         1.00757         1.01420         1.03126         1.01801         1.01722
        12.75000         1.00569         1.01506         1.00662         1.01336         1.02883         1.01649         1.01470
        13.00000         1.00237         1.01423         1.00646         1.01186         1.02766         1.01503         1.01324
        13.25000         1.00111         1.01209         1.00581         1.01014         1.02734         1.01325         1.01302
        13.50000         0.99961         1.00918         1.00463         1.00805         1.02759         1.01217         1.01326
        13.75000         0.99924         1.00778         1.00365         1.00588         1.02715         1.01190         1.01285
        14.00000         0.99984         1.00616         1.00360         1.00417         1.02620         1.01157         1.01196
        14.25000         1.00051         1.00493         1.00276         1.00214         1.02566         1.01158         1.01141
        14.50000         1.00132         1.00313         1.00254         1.00000         1.02527         1.01127         1.01097
        14.75000         1.00233         1.00284         1.00215         0.99878         1.02488         1.01094         1.01075
        15.00000         1.00312         1.00134         1.00122         0.99846         1.02466         1.01052         1.01042
        15.25000         1.00405         1.00032         1.00045         0.99799         1.02445         1.01024         1.01023
        15.50000         1.00384         0.99949         1.00015         0.99761         1.02431         1.00981         1.01007
        15.75000         1.00396         0.99774         0.99909         0.99680         1.02393         1.00919         1.00970
        16.00000         1.00422         0.99703         0.99844         0.99613         1.02325         1.00872         1.00913
        16.25000         1.00366         0.99623         0.99841         0.99504         1.02227         1.00840         1.00817
        16.50000         1.00272         0.99528         0.99747         0.99484         1.02167         1.00774         1.00744
        16.75000         1.00176         0.99432         0.99727         0.99361         1.02079         1.00708         1.00674
        17.00000         1.00096         0.99379         0.99674         0.99313         1.02015         1.00634         1.00605
        17.25000         0.99949         0.99312         0.99669         0.99240         1.01958         1.00560         1.00546
        17.50000         0.99867         0.99309         0.99621         0.99188         1.01888         1.00498         1.00483
        17.75000         0.99762         0.99253         0.99601         0.99129         1.01834         1.00433         1.00434
        18.00000         0.99640         0.99279         0.99515         0.99055         1.01787         1.00371         1.00374
        18.25000         0.99505         0.99304         0.99494         0.99045         1.01722         1.00311         1.00314
        18.50000         0.99450         0.99282         0.99466         0.98983         1.01643         1.00240         1.00235
        18.75000         0.99369         0.99308         0.99427         0.98964         1.01568         1.00174         1.00166
        19.00000         0.99268         0.99304         0.99346         0.98955         1.01512         1.00113         1.00107
        19.25000         0.99165         0.99313         0.99325         0.98915         1.01446         1.00039         1.00037
        19.50000         0.99109         0.99266         0.99279         0.98889         1.01381         0.99971         0.99976
        19.75000         0.99019         0.99224         0.99233         0.98850         1.01312         0.99901         0.99907
        20.00000         0.98954         0.99157         0.99162         0.98783         1.01261         0.99838         0.99857
        20.25000         0.98919         0.99107         0.99064         0.98738         1.01189         0.99773         0.99781
        20.50000         0.98835         0.99041         0.99047         0.98680         1.01112         0.99699         0.99714
        20.75000         0.98774         0.98938         0.98952         0.98617         1.01043         0.99636         0.99636
        21.00000         0.98692         0.98891         0.98894         0.98575         1.00983         0.99571         0.99576
        21.25000         0.98657         0.98790         0.98808         0.98523         1.00914         0.99509         0.99512
        21.50000         0.98636         0.98720         0.98760         0.98459         1.00843         0.99445         0.99446
        21.75000         0.98553         0.98671         0.98700         0.98395         1.00790         0.99380         0.99396
        22.00000         0.98520         0.98561         0.98616         0.98354         1.00734         0.99325         0.99329
        22.25000         0.98493         0.98465         0.98531         0.98279         1.00672         0.99263         0.99279
        22.50000         0.98442         0.98359         0.98465         0.98242         1.00610         0.99198         0.99209
        22.75000         0.98417         0.98327         0.98403         0.98193         1.00538         0.99135         0.99142
        23.00000         0.98339         0.98247         0.98340         0.98115         1.00470         0.99080         0.99077
        23.25000         0.98282         0.98185         0.98253         0.98069         1.00414         0.99008         0.99017
        23.50000         0.98238         0.98135         0.98191         0.97991         1.00338         0.98952         0.98950
        23.75000         0.98206         0.98032         0.98138         0.97944         1.00287         0.98882         0.98894
        24.00000         0.98149         0.98003         0.98084         0.97892         1.00210         0.98811         0.98815
        24.25000         0.98079         0.97933         0.97978         0.97848         1.00141         0.98753         0.98753
