#       r                 g_31(r)         g_32(r)         g_33(r)         g_34(r)         g_35(r)         g_36(r)         g_37(r)
         0.25000         0.00000         0.00000         0.00000         0.00000         0.00000         0.00000         0.00000
         0.50000         0.00000         0.00000         0.00000         0.00000         0.00000         0.00000         0.00000
         0.75000         0.00000         0.00000         0.00000         0.00000         0.00000         0.00000         0.00000
         1.00000         0.00000         0.00000         0.00000         0.00000         0.00000         0.00000         0.00000
         1.25000         0.00000         0.00000         0.00000         0.00000         0.00000         0.00000         0.00000
         1.50000         0.00000         0.00000         0.00000         0.00000         0.00000         0.00000         0.00000
         1.75000         0.00000         0.00000         0.00000         0.00000         0.00000         0.00000         0.00000
         2.00000         0.00000         0.00000         0.00000         0.00000         0.00000         0.00002         0.00000
         2.25000         0.00000         0.00000         0.00000         0.00000         0.00000         0.00140         0.00000
         2.50000         0.00000         0.00000         0.00000         0.00000         0.00003         0.03300         0.00006
         2.75000         0.00000        27.57749         0.00409         0.00000         0.06740         0.24979         0.04157
         3.00000         0.00000         0.00000         0.09115         0.00000         0.80793         0.71840         0.62756
         3.25000         0.00128         0.00005         0.32209         0.00000         1.53357         1.10575         1.46578
         3.50000         0.40420         0.00862         0.49215         0.00072         1.54997         1.25695         1.58867
         3.75000         2.86781         0.08071         0.54834         0.05194         1.34738         1.26408         1.39568
         4.00000         4.33988         0.22755         0.56292         0.36092         1.16405         1.22701         1.19789
         4.25000         3.52524         0.35144         0.55571         0.76165         1.03248         1.13638         1.05134
         4.50000         2.43025         0.43273         0.54164         0.93648         0.94063         1.03093         0.95041
         4.75000         1.68084         0.48606         0.54451         0.92730         0.88430         0.95849         0.88780
         5.00000         1.23927         0.52437         0.54958         0.83673         0.85244         0.92235         0.85264
         5.25000         0.98519         0.55931         0.57484         0.74801         0.84468         0.90740         0.84516
         5.50000         0.85597         0.59830         0.61521         7.47662         0.87418         0.91030         0.87318
         5.75000         0.78370         0.65099         0.67520         0.63200         0.94000         0.93490         0.93609
         6.00000         0.77206         0.69779         0.76083         0.60615         1.00046         0.98003         1.00105
         6.25000         0.80769         0.76172         0.84606         0.61532         1.03077         1.02455         1.03607
         6.50000         0.88942         0.84432         0.91393         0.64835         1.02682         1.04412         1.03945
         6.75000         0.99748         0.94733         0.96852         0.71536         1.00801         1.03236         1.01960
         7.00000         1.07410         1.03179         1.00034         0.79937         0.99685         1.01105         1.00486
         7.25000         1.03060         1.09828         1.02700         0.89175         0.99497         0.99068         0.99739
         7.50000         0.92686         1.12812         1.04654         0.96513         0.99051         0.97664         0.98672
         7.75000         0.84911         1.16432         1.03869         1.01151         0.98099         0.96984         0.97513
         8.00000         0.82114         1.17170         1.02901         1.04684         0.97423         0.96759         0.96876
         8.25000         0.82668         1.16575         1.01091         1.06725         0.97399         0.96848         0.96961
         8.50000         0.85182         1.13555         0.99047         1.07704         0.97518         0.97168         0.97339
         8.75000         0.88701         1.09188         0.98664         1.08084         0.98021         0.97686         0.97909
         9.00000         0.92672         1.04711         0.99057         1.06760         0.98591         0.98306         0.98589
         9.25000         0.96582         1.01077         1.00578         1.04325         0.99196         0.98836         0.99098
         9.50000         0.99524         0.99278         1.01063         1.03170         0.99552         0.98967         0.99579
         9.75000         1.02060         0.99162         1.00945         1.03218         0.99517         0.98757         0.99497
        10.00000         1.04308         0.99321         0.99714         1.03923         0.99059         0.98493         0.99046
        10.25000         1.05267         0.99912         0.99012         1.05245         0.98425         0.98219         0.98395
        10.50000         1.04890         0.99968         0.97462         1.05813         0.98150         0.98134         0.98046
        10.75000         1.03427         1.00155         0.96522         1.04907         0.97991         0.98173         0.97872
        11.00000         1.02308         0.99457         0.95505         1.02718         0.98032         0.98277         0.97972
        11.25000         1.01877         0.98880         0.95570         1.00486         0.98259         0.98531         0.98235
        11.50000         1.01647         0.98516         0.95297         0.98813         0.98615         0.98760         0.98605
        11.75000         1.01909         0.98086         0.95436         0.97743         0.98841         0.98878         0.98925
        12.00000         1.01986         0.97915         0.96579         0.96823         0.99123         0.99099         0.99172
        12.25000         1.01697         0.97829         0.96884         0.96088         0.99299         0.99292         0.99348
        12.50000         1.01600         0.97990         0.97739         0.95556         0.99266         0.99359         0.99340
        12.75000         1.01346         0.98402         0.98374         0.95719         0.99183         0.99265         0.99204
        13.00000         1.00446         0.98907         0.98939         0.95787         0.99100         0.99250         0.99142
        13.25000         1.00056         0.99207         0.98822         0.96029         0.99055         0.99185         0.99096
        13.50000         0.99732         0.99728         0.98920         0.96515         0.98998         0.99069         0.98995
        13.75000         0.99183         0.99944         0.99086         0.97103         0.99045         0.98972         0.99011
        14.00000         0.99029         1.00085         0.99083         0.97133         0.98953         0.98967         0.98994
        14.25000         0.98677         1.00081         0.99068         0.97270         0.98895         0.98885         0.98857
        14.50000         0.98951         0.99931         0.98785         0.97546         0.98842         0.98863         0.98885
        14.75000         0.98933         0.99806         0.98571         0.97447         0.98785         0.98825         0.98804
        15.00000         0.98636         0.99703         0.98692         0.97403         0.98742         0.98733         0.98713
        15.25000         0.98745         0.99715         0.98831         0.97314         0.98666         0.98657         0.98690
        15.50000         0.98480         0.99571         0.98672         0.97434         0.98606         0.98628         0.98603
        15.75000         0.98208         0.99671         0.98331         0.97083         0.98543         0.98523         0.98535
        16.00000         0.98053         0.99370         0.98059         0.97011         0.98474         0.98459         0.98490
        16.25000         0.98201         0.99258         0.97735         0.97122         0.98470         0.98456         0.98447
        16.50000         0.98034         0.99218         0.97692         0.97129         0.98493         0.98364         0.98459
        16.75000         0.98080         0.99009         0.97607         0.96950         0.98381         0.98344         0.98373
        17.00000         0.98016         0.99021         0.97245         0.97002         0.98334         0.98291         0.98316
        17.25000         0.98111         0.98804         0.96999         0.96741         0.98281         0.98287         0.98288
        17.50000         0.97975         0.98509         0.96987         0.96742         0.98213         0.98239         0.98214
        17.75000         0.98111         0.98285         0.96754         0.96562         0.98244         0.98220         0.98238
        18.00000         0.98028         0.98006         0.96932         0.96614         0.98190         0.98135         0.98188
        18.25000         0.97965         0.98154         0.96896         0.96403         0.98184         0.98114         0.98164
        18.50000         0.97980         0.97899         0.96739         0.96249         0.98087         0.98086         0.98083
        18.75000         0.98029         0.97865         0.96737         0.96150         0.97996         0.98048         0.98006
        19.00000         0.98008         0.97529         0.96603         0.96273         0.98002         0.97968         0.98019
        19.25000         0.97929         0.97549         0.96513         0.95931         0.97965         0.97948         0.97950
        19.50000         0.97689         0.97486         0.96450         0.96227         0.97894         0.97902         0.97901
        19.75000         0.97758         0.97370         0.96379         0.95929         0.97813         0.97857         0.97828
        20.00000         0.97465         0.97443         0.96452         0.95956         0.97824         0.97787         0.97785
        20.25000         0.97519         0.97330         0.96115         0.95970         0.97677         0.97690         0.97724
        20.50000         0.97498         0.97223         0.96072         0.95752         0.97686         0.97673         0.97696
        20.75000         0.97315         0.97073         0.96097         0.95781         0.97631         0.97580         0.97612
        21.00000         0.97328         0.97276         0.96033         0.95758         0.97514         0.97522         0.97494
        21.25000         0.97275         0.97332         0.96016         0.95774         0.97414         0.97438         0.97427
        21.50000         0.97178         0.97273         0.95790         0.95645         0.97353         0.97390         0.97351
        21.75000         0.97008         0.97353         0.95967         0.95764         0.97287         0.97331         0.97307
        22.00000         0.97141         0.97221         0.96016         0.95599         0.97254         0.97248         0.97240
        22.25000         0.96944         0.97179         0.95990         0.95647         0.97201         0.97165         0.97201
        22.50000         0.96878         0.97156         0.95868         0.95509         0.97153         0.97099         0.97165
        22.75000         0.96848         0.96969         0.95659         0.95461         0.97027         0.97038         0.97029
        23.00000         0.96757         0.97082         0.95566         0.95504         0.96955         0.96976         0.96947
        23.25000         0.96714         0.97022         0.95729         0.95325         0.96912         0.96890         0.96902
        23.50000         0.96526         0.96951         0.95468         0.95430         0.96854         0.96829         0.96864
        23.75000         0.96432         0.96851         0.95517         0.95345         0.96745         0.96776         0.96749
        24.00000         0.96484         0.96741         0.95470         0.95395         0.96723         0.96723         0.96707
        24.25000         0.96386         0.96603         0.95305         0.95275         0.96672         0.96619         0.96663
