#       r                rhoi_c        rho_+        rho_-
   -114.6161346      0.0000000      0.0000000      0.0000000
   -114.1161346      0.0000000      0.0000000      0.0000000
   -113.6161346      0.0000000      0.0000000      0.0000000
   -113.1161346      0.0000000      0.0000000      0.0000000
   -112.6161346      0.0000000      0.0000000      0.0000000
   -112.1161346      0.0000000      0.0000000      0.0000000
   -111.6161346      0.0000000      0.0000000      0.0000000
   -111.1161346      0.0000000      0.0000000      0.0000000
   -110.6161346      0.0000000      0.0000000      0.0000000
   -110.1161346      0.0000000      0.0000000      0.0000000
   -109.6161346      0.0003670      0.0003670      0.0000000
   -109.1161346      0.0007604      0.0007978     -0.0000374
   -108.6161346     -0.0003520      0.0015287     -0.0018807
   -108.1161346      0.0018845      0.0040295     -0.0021450
   -107.6161346      0.0055778      0.0093348     -0.0037570
   -107.1161346      0.0019207      0.0052857     -0.0033650
   -106.6161346     -0.0002814      0.0027561     -0.0030376
   -106.1161346     -0.0008807      0.0028927     -0.0037734
   -105.6161346     -0.0011971      0.0047478     -0.0059449
   -105.1161346     -0.0017214      0.0072022     -0.0089236
   -104.6161346     -0.0023300      0.0102221     -0.0125522
   -104.1161346     -0.0013280      0.0148276     -0.0161555
   -103.6161346     -0.0001450      0.0175470     -0.0176920
   -103.1161346     -0.0003956      0.0171364     -0.0175321
   -102.6161346      0.0000854      0.0164749     -0.0163895
   -102.1161346      0.0012008      0.0161973     -0.0149965
   -101.6161346      0.0011117      0.0163202     -0.0152085
   -101.1161346      0.0006392      0.0173067     -0.0166675
   -100.6161346     -0.0000744      0.0186473     -0.0187216
   -100.1161346     -0.0001720      0.0195543     -0.0197263
    -99.6161346      0.0000061      0.0195889     -0.0195828
    -99.1161346     -0.0000547      0.0193059     -0.0193605
    -98.6161346      0.0001204      0.0191701     -0.0190497
    -98.1161346     -0.0001619      0.0192494     -0.0194113
    -97.6161346     -0.0003162      0.0196746     -0.0199908
    -97.1161346     -0.0002481      0.0198324     -0.0200805
    -96.6161346     -0.0001591      0.0201334     -0.0202925
    -96.1161346     -0.0001975      0.0201397     -0.0203372
    -95.6161346     -0.0003566      0.0195608     -0.0199175
    -95.1161346     -0.0000667      0.0192992     -0.0193660
    -94.6161346      0.0000311      0.0188777     -0.0188466
    -94.1161346      0.0001280      0.0185196     -0.0183916
    -93.6161346      0.0001485      0.0183492     -0.0182007
    -93.1161346      0.0002714      0.0181696     -0.0178982
    -92.6161346      0.0002824      0.0179051     -0.0176226
    -92.1161346      0.0000391      0.0175957     -0.0175566
    -91.6161346      0.0002226      0.0174755     -0.0172529
    -91.1161346      0.0000219      0.0172780     -0.0172562
    -90.6161346      0.0001422      0.0175117     -0.0173695
    -90.1161346     -0.0002350      0.0174401     -0.0176752
    -89.6161346     -0.0002755      0.0172659     -0.0175414
    -89.1161346      0.0000697      0.0172614     -0.0171917
    -88.6161346     -0.0002694      0.0170184     -0.0172877
    -88.1161346     -0.0001598      0.0166108     -0.0167706
    -87.6161346     -0.0001662      0.0165573     -0.0167235
    -87.1161346     -0.0000289      0.0161852     -0.0162142
    -86.6161346      0.0000294      0.0159706     -0.0159411
    -86.1161346      0.0001593      0.0159203     -0.0157610
    -85.6161346      0.0001174      0.0158430     -0.0157256
    -85.1161346      0.0000052      0.0156673     -0.0156621
    -84.6161346      0.0003329      0.0157516     -0.0154187
    -84.1161346      0.0001605      0.0157603     -0.0155998
    -83.6161346      0.0000662      0.0159675     -0.0159014
    -83.1161346     -0.0000023      0.0160575     -0.0160598
    -82.6161346      0.0001567      0.0164870     -0.0163303
    -82.1161346     -0.0001248      0.0167832     -0.0169080
    -81.6161346      0.0000574      0.0172333     -0.0171759
    -81.1161346     -0.0004362      0.0174488     -0.0178850
    -80.6161346      0.0000096      0.0178926     -0.0178829
    -80.1161346     -0.0001689      0.0180084     -0.0181774
    -79.6161346     -0.0001280      0.0180540     -0.0181819
    -79.1161346      0.0002159      0.0183494     -0.0181335
    -78.6161346     -0.0000831      0.0183740     -0.0184571
    -78.1161346      0.0000549      0.0184827     -0.0184278
    -77.6161346     -0.0000982      0.0183870     -0.0184852
    -77.1161346      0.0000798      0.0185273     -0.0184475
    -76.6161346      0.0000684      0.0183346     -0.0182662
    -76.1161346      0.0000419      0.0183184     -0.0182765
    -75.6161346      0.0000404      0.0182728     -0.0182323
    -75.1161346      0.0001174      0.0185172     -0.0183998
    -74.6161346     -0.0001941      0.0181636     -0.0183577
    -74.1161346      0.0002176      0.0184118     -0.0181942
    -73.6161346     -0.0001514      0.0182389     -0.0183903
    -73.1161346     -0.0000131      0.0182287     -0.0182419
    -72.6161346      0.0001517      0.0182221     -0.0180704
    -72.1161346     -0.0002828      0.0180878     -0.0183706
    -71.6161346      0.0001480      0.0181728     -0.0180248
    -71.1161346     -0.0000304      0.0182542     -0.0182846
    -70.6161346     -0.0001930      0.0181030     -0.0182960
    -70.1161346     -0.0000508      0.0180802     -0.0181311
    -69.6161346      0.0001893      0.0180918     -0.0179025
    -69.1161346      0.0001331      0.0179068     -0.0177737
    -68.6161346     -0.0000394      0.0178873     -0.0179267
    -68.1161346     -0.0001404      0.0177724     -0.0179128
    -67.6161346      0.0000419      0.0178292     -0.0177873
    -67.1161346      0.0000973      0.0178273     -0.0177300
    -66.6161346     -0.0000324      0.0177963     -0.0178287
    -66.1161346      0.0001902      0.0179836     -0.0177934
    -65.6161346     -0.0002358      0.0179225     -0.0181584
    -65.1161346      0.0001995      0.0181770     -0.0179775
    -64.6161346      0.0000465      0.0181471     -0.0181006
    -64.1161346      0.0001039      0.0184435     -0.0183395
    -63.6161346     -0.0003578      0.0181694     -0.0185272
    -63.1161346     -0.0000004      0.0184858     -0.0184862
    -62.6161346      0.0001693      0.0185357     -0.0183664
    -62.1161346     -0.0002038      0.0183438     -0.0185475
    -61.6161346      0.0000388      0.0185441     -0.0185052
    -61.1161346     -0.0000435      0.0185595     -0.0186030
    -60.6161346      0.0001222      0.0186291     -0.0185068
    -60.1161346      0.0000495      0.0186160     -0.0185665
    -59.6161346     -0.0000800      0.0188438     -0.0189238
    -59.1161346     -0.0001325      0.0185660     -0.0186985
    -58.6161346      0.0002226      0.0187098     -0.0184872
    -58.1161346     -0.0000327      0.0184211     -0.0184538
    -57.6161346     -0.0000207      0.0182284     -0.0182491
    -57.1161346      0.0000303      0.0182077     -0.0181773
    -56.6161346     -0.0000032      0.0180903     -0.0180935
    -56.1161346     -0.0001194      0.0181232     -0.0182426
    -55.6161346      0.0000651      0.0179580     -0.0178929
    -55.1161346     -0.0000582      0.0179543     -0.0180125
    -54.6161346     -0.0000185      0.0178662     -0.0178848
    -54.1161346      0.0000180      0.0178784     -0.0178603
    -53.6161346     -0.0001083      0.0179040     -0.0180123
    -53.1161346      0.0000822      0.0181268     -0.0180447
    -52.6161346     -0.0000538      0.0180175     -0.0180713
    -52.1161346     -0.0000412      0.0181993     -0.0182405
    -51.6161346      0.0002160      0.0181773     -0.0179613
    -51.1161346      0.0000990      0.0179294     -0.0178303
    -50.6161346     -0.0001245      0.0180144     -0.0181389
    -50.1161346     -0.0000948      0.0182088     -0.0183036
    -49.6161346      0.0000693      0.0183138     -0.0182445
    -49.1161346      0.0000094      0.0182741     -0.0182647
    -48.6161346      0.0000815      0.0182111     -0.0181296
    -48.1161346      0.0001139      0.0183953     -0.0182814
    -47.6161346      0.0000042      0.0186288     -0.0186246
    -47.1161346     -0.0001467      0.0186569     -0.0188036
    -46.6161346     -0.0001330      0.0188977     -0.0190307
    -46.1161346      0.0000015      0.0188881     -0.0188867
    -45.6161346      0.0000471      0.0189016     -0.0188545
    -45.1161346     -0.0000098      0.0190576     -0.0190674
    -44.6161346     -0.0001316      0.0190575     -0.0191891
    -44.1161346      0.0000165      0.0190015     -0.0189850
    -43.6161346      0.0002329      0.0188264     -0.0185936
    -43.1161346     -0.0001134      0.0188575     -0.0189709
    -42.6161346     -0.0000370      0.0185722     -0.0186092
    -42.1161346      0.0000374      0.0185247     -0.0184872
    -41.6161346      0.0000800      0.0182240     -0.0181440
    -41.1161346      0.0000242      0.0179718     -0.0179476
    -40.6161346      0.0000217      0.0181446     -0.0181229
    -40.1161346     -0.0000139      0.0181128     -0.0181267
    -39.6161346     -0.0000979      0.0181185     -0.0182164
    -39.1161346      0.0000879      0.0183590     -0.0182711
    -38.6161346     -0.0000111      0.0183321     -0.0183431
    -38.1161346     -0.0001626      0.0184199     -0.0185825
    -37.6161346      0.0002506      0.0185546     -0.0183040
    -37.1161346     -0.0000682      0.0187581     -0.0188263
    -36.6161346      0.0000868      0.0189370     -0.0188503
    -36.1161346     -0.0003750      0.0189282     -0.0193031
    -35.6161346      0.0001778      0.0190573     -0.0188795
    -35.1161346      0.0000564      0.0188166     -0.0187602
    -34.6161346      0.0000707      0.0190848     -0.0190141
    -34.1161346      0.0000207      0.0190319     -0.0190112
    -33.6161346     -0.0002000      0.0187723     -0.0189723
    -33.1161346      0.0001193      0.0192202     -0.0191009
    -32.6161346      0.0002032      0.0193555     -0.0191523
    -32.1161346     -0.0000712      0.0191952     -0.0192664
    -31.6161346     -0.0002626      0.0192271     -0.0194897
    -31.1161346      0.0000440      0.0193977     -0.0193537
    -30.6161346      0.0001677      0.0194741     -0.0193064
    -30.1161346     -0.0001963      0.0192556     -0.0194519
    -29.6161346      0.0000040      0.0193775     -0.0193736
    -29.1161346     -0.0001221      0.0193973     -0.0195194
    -28.6161346      0.0000376      0.0194733     -0.0194357
    -28.1161346      0.0000189      0.0195361     -0.0195173
    -27.6161346      0.0000792      0.0193243     -0.0192451
    -27.1161346      0.0001869      0.0194723     -0.0192853
    -26.6161346     -0.0000235      0.0192437     -0.0192673
    -26.1161346      0.0000465      0.0192592     -0.0192127
    -25.6161346      0.0000360      0.0189996     -0.0189636
    -25.1161346     -0.0001437      0.0189992     -0.0191430
    -24.6161346     -0.0000157      0.0190072     -0.0190229
    -24.1161346     -0.0001912      0.0188818     -0.0190730
    -23.6161346      0.0000272      0.0188300     -0.0188028
    -23.1161346     -0.0000910      0.0187151     -0.0188060
    -22.6161346      0.0001126      0.0185173     -0.0184047
    -22.1161346     -0.0001488      0.0181789     -0.0183277
    -21.6161346      0.0001994      0.0181425     -0.0179431
    -21.1161346     -0.0000243      0.0177489     -0.0177732
    -20.6161346      0.0000349      0.0174253     -0.0173904
    -20.1161346     -0.0001132      0.0171627     -0.0172759
    -19.6161346      0.0000264      0.0169247     -0.0168983
    -19.1161346     -0.0000059      0.0169796     -0.0169854
    -18.6161346      0.0000712      0.0173014     -0.0172302
    -18.1161346     -0.0001933      0.0172782     -0.0174714
    -17.6161346      0.0000449      0.0173411     -0.0172963
    -17.1161346      0.0003106      0.0176047     -0.0172941
    -16.6161346      0.0001111      0.0175040     -0.0173929
    -16.1161346      0.0000910      0.0177479     -0.0176569
    -15.6161346     -0.0000006      0.0179280     -0.0179285
    -15.1161346     -0.0002483      0.0182545     -0.0185027
    -14.6161346      0.0001946      0.0185433     -0.0183487
    -14.1161346     -0.0001753      0.0186508     -0.0188261
    -13.6161346      0.0000028      0.0189142     -0.0189114
    -13.1161346     -0.0000579      0.0191651     -0.0192230
    -12.6161346     -0.0000761      0.0196571     -0.0197332
    -12.1161346      0.0002970      0.0198803     -0.0195833
    -11.6161346     -0.0000125      0.0200228     -0.0200354
    -11.1161346     -0.0001397      0.0199853     -0.0201249
    -10.6161346      0.0000872      0.0202340     -0.0201469
    -10.1161346     -0.0001630      0.0201239     -0.0202868
     -9.6161346      0.0000358      0.0203389     -0.0203031
     -9.1161346      0.0001031      0.0202831     -0.0201800
     -8.6161346     -0.0001033      0.0202526     -0.0203559
     -8.1161346     -0.0000483      0.0201594     -0.0202077
     -7.6161346     -0.0001910      0.0201337     -0.0203247
     -7.1161346     -0.0001248      0.0199349     -0.0200598
     -6.6161346     -0.0000268      0.0198114     -0.0198381
     -6.1161346      0.0004325      0.0197997     -0.0193671
     -5.6161346      0.0001055      0.0197431     -0.0196376
     -5.1161346     -0.0001745      0.0196402     -0.0198147
     -4.6161346      0.0000121      0.0198110     -0.0197988
     -4.1161346     -0.0000437      0.0198455     -0.0198891
     -3.6161346      0.0001392      0.0198613     -0.0197221
     -3.1161346     -0.0001533      0.0195580     -0.0197113
     -2.6161346     -0.0000423      0.0196676     -0.0197099
     -2.1161346      0.0002172      0.0197975     -0.0195803
     -1.6161346     -0.0001760      0.0195244     -0.0197005
     -1.1161346      0.0000005      0.0195784     -0.0195779
     -0.6161346     -0.0000107      0.0193733     -0.0193840
     -0.1161346     -0.0000975      0.0191797     -0.0192771
      0.3838654      0.0001376      0.0190492     -0.0189116
      0.8838654      0.0000771      0.0189366     -0.0188596
      1.3838654      0.0000445      0.0186951     -0.0186506
      1.8838654     -0.0002630      0.0186081     -0.0188711
      2.3838654      0.0000362      0.0185089     -0.0184728
      2.8838654     -0.0000824      0.0180740     -0.0181564
      3.3838654      0.0000703      0.0177237     -0.0176534
      3.8838654     -0.0000579      0.0175783     -0.0176362
      4.3838654      0.0000393      0.0173704     -0.0173311
      4.8838654      0.0001060      0.0170977     -0.0169916
      5.3838654     -0.0000197      0.0169283     -0.0169480
      5.8838654     -0.0000267      0.0167143     -0.0167409
      6.3838654      0.0003424      0.0167313     -0.0163888
      6.8838654     -0.0001808      0.0167454     -0.0169261
      7.3838654      0.0001299      0.0169050     -0.0167751
      7.8838654      0.0000826      0.0169713     -0.0168887
      8.3838654     -0.0000730      0.0170290     -0.0171020
      8.8838654     -0.0002290      0.0173920     -0.0176210
      9.3838654     -0.0001056      0.0175348     -0.0176404
      9.8838654     -0.0002099      0.0174601     -0.0176700
     10.3838654      0.0000751      0.0174573     -0.0173823
     10.8838654      0.0002224      0.0175869     -0.0173645
     11.3838654     -0.0000580      0.0175111     -0.0175691
     11.8838654      0.0001927      0.0178550     -0.0176623
     12.3838654      0.0001233      0.0179532     -0.0178299
     12.8838654      0.0000380      0.0179072     -0.0178692
     13.3838654     -0.0000647      0.0179354     -0.0180001
     13.8838654     -0.0001973      0.0179399     -0.0181372
     14.3838654      0.0000769      0.0181689     -0.0180920
     14.8838654     -0.0001708      0.0181721     -0.0183429
     15.3838654     -0.0001106      0.0182415     -0.0183521
     15.8838654     -0.0000201      0.0183189     -0.0183390
     16.3838654      0.0001688      0.0182825     -0.0181137
     16.8838654     -0.0000137      0.0180419     -0.0180556
     17.3838654     -0.0000821      0.0178274     -0.0179095
     17.8838654      0.0001245      0.0179907     -0.0178662
     18.3838654     -0.0000058      0.0177409     -0.0177466
     18.8838654      0.0000683      0.0176811     -0.0176128
     19.3838654      0.0000687      0.0176899     -0.0176212
     19.8838654     -0.0000950      0.0176001     -0.0176951
     20.3838654     -0.0000642      0.0177162     -0.0177804
     20.8838654      0.0000697      0.0176617     -0.0175920
     21.3838654      0.0000903      0.0173746     -0.0172843
     21.8838654     -0.0001399      0.0171471     -0.0172870
     22.3838654      0.0000313      0.0171785     -0.0171472
     22.8838654     -0.0000318      0.0171709     -0.0172027
     23.3838654     -0.0000986      0.0173833     -0.0174818
     23.8838654      0.0000033      0.0172213     -0.0172180
     24.3838654      0.0000301      0.0172274     -0.0171973
     24.8838654      0.0000684      0.0172892     -0.0172208
     25.3838654      0.0002771      0.0175961     -0.0173190
     25.8838654     -0.0000565      0.0177783     -0.0178348
     26.3838654     -0.0001665      0.0181305     -0.0182970
     26.8838654      0.0002755      0.0185301     -0.0182546
     27.3838654      0.0001185      0.0188032     -0.0186847
     27.8838654     -0.0000310      0.0193366     -0.0193676
     28.3838654     -0.0002771      0.0196682     -0.0199453
     28.8838654      0.0002928      0.0203834     -0.0200906
     29.3838654     -0.0000860      0.0206624     -0.0207484
     29.8838654     -0.0002137      0.0211285     -0.0213422
     30.3838654     -0.0000100      0.0214891     -0.0214992
     30.8838654      0.0000433      0.0214556     -0.0214123
     31.3838654     -0.0001872      0.0215170     -0.0217042
     31.8838654      0.0000927      0.0215144     -0.0214217
     32.3838654     -0.0002322      0.0213185     -0.0215508
     32.8838654      0.0000106      0.0214609     -0.0214502
     33.3838654     -0.0003170      0.0209831     -0.0213001
     33.8838654      0.0002077      0.0209163     -0.0207087
     34.3838654     -0.0000394      0.0204793     -0.0205187
     34.8838654      0.0001094      0.0201610     -0.0200515
     35.3838654      0.0002626      0.0201219     -0.0198593
     35.8838654      0.0001126      0.0197189     -0.0196063
     36.3838654      0.0001076      0.0197495     -0.0196419
     36.8838654     -0.0002193      0.0195095     -0.0197288
     37.3838654      0.0000802      0.0194109     -0.0193307
     37.8838654     -0.0001218      0.0192031     -0.0193249
     38.3838654      0.0000614      0.0190959     -0.0190345
     38.8838654     -0.0000246      0.0188847     -0.0189094
     39.3838654     -0.0001174      0.0188565     -0.0189739
     39.8838654      0.0000533      0.0189053     -0.0188521
     40.3838654     -0.0000743      0.0187705     -0.0188448
     40.8838654     -0.0001843      0.0187473     -0.0189315
     41.3838654      0.0001786      0.0187093     -0.0185307
     41.8838654      0.0002080      0.0186124     -0.0184044
     42.3838654      0.0001028      0.0186485     -0.0185457
     42.8838654     -0.0001288      0.0189384     -0.0190671
     43.3838654      0.0001309      0.0190878     -0.0189570
     43.8838654     -0.0001894      0.0191495     -0.0193390
     44.3838654     -0.0001832      0.0193927     -0.0195759
     44.8838654      0.0002986      0.0194318     -0.0191332
     45.3838654     -0.0001628      0.0194456     -0.0196084
     45.8838654      0.0001938      0.0198309     -0.0196370
     46.3838654     -0.0002265      0.0198947     -0.0201212
     46.8838654      0.0000794      0.0199962     -0.0199168
     47.3838654     -0.0000838      0.0202361     -0.0203199
     47.8838654      0.0000683      0.0203984     -0.0203301
     48.3838654      0.0001280      0.0207421     -0.0206141
     48.8838654      0.0001728      0.0212426     -0.0210698
     49.3838654     -0.0001694      0.0214863     -0.0216557
     49.8838654      0.0001000      0.0216173     -0.0215173
     50.3838654     -0.0001512      0.0218413     -0.0219925
     50.8838654     -0.0001068      0.0219049     -0.0220117
     51.3838654     -0.0000310      0.0217864     -0.0218174
     51.8838654     -0.0001001      0.0218151     -0.0219152
     52.3838654      0.0000500      0.0219795     -0.0219296
     52.8838654      0.0001157      0.0222096     -0.0220939
     53.3838654     -0.0001577      0.0219581     -0.0221158
     53.8838654      0.0001914      0.0221835     -0.0219921
     54.3838654     -0.0000532      0.0220463     -0.0220995
     54.8838654      0.0001532      0.0219531     -0.0218000
     55.3838654     -0.0003394      0.0213914     -0.0217308
     55.8838654      0.0001802      0.0213495     -0.0211693
     56.3838654      0.0001071      0.0210288     -0.0209217
     56.8838654      0.0000561      0.0209640     -0.0209080
     57.3838654     -0.0000389      0.0207861     -0.0208250
     57.8838654     -0.0001927      0.0205921     -0.0207848
     58.3838654     -0.0000190      0.0203955     -0.0204145
     58.8838654      0.0001466      0.0202155     -0.0200690
     59.3838654      0.0001293      0.0202504     -0.0201211
     59.8838654     -0.0000331      0.0201338     -0.0201669
     60.3838654     -0.0001083      0.0204514     -0.0205597
     60.8838654     -0.0001759      0.0204807     -0.0206566
     61.3838654      0.0000514      0.0205374     -0.0204860
     61.8838654     -0.0000093      0.0203234     -0.0203328
     62.3838654      0.0001354      0.0206225     -0.0204870
     62.8838654     -0.0001736      0.0203623     -0.0205360
     63.3838654     -0.0000469      0.0203756     -0.0204224
     63.8838654      0.0004262      0.0206785     -0.0202523
     64.3838654     -0.0002096      0.0202236     -0.0204332
     64.8838654      0.0002208      0.0205209     -0.0203002
     65.3838654     -0.0002508      0.0202684     -0.0205192
     65.8838654      0.0000585      0.0203050     -0.0202464
     66.3838654     -0.0001327      0.0200846     -0.0202172
     66.8838654      0.0000320      0.0199552     -0.0199233
     67.3838654     -0.0000321      0.0198731     -0.0199052
     67.8838654      0.0000932      0.0198324     -0.0197392
     68.3838654     -0.0003040      0.0194175     -0.0197215
     68.8838654      0.0000573      0.0191821     -0.0191248
     69.3838654     -0.0000104      0.0186995     -0.0187100
     69.8838654      0.0000125      0.0184301     -0.0184176
     70.3838654     -0.0000221      0.0179875     -0.0180096
     70.8838654      0.0000989      0.0180952     -0.0179963
     71.3838654     -0.0001437      0.0178416     -0.0179853
     71.8838654      0.0003185      0.0180787     -0.0177602
     72.3838654     -0.0000786      0.0177418     -0.0178204
     72.8838654      0.0004405      0.0177351     -0.0172946
     73.3838654      0.0000203      0.0176947     -0.0176744
     73.8838654     -0.0000656      0.0178380     -0.0179036
     74.3838654     -0.0002160      0.0179527     -0.0181687
     74.8838654     -0.0000208      0.0180956     -0.0181163
     75.3838654      0.0000044      0.0183028     -0.0182984
     75.8838654     -0.0000796      0.0184519     -0.0185314
     76.3838654      0.0001039      0.0186885     -0.0185846
     76.8838654     -0.0002306      0.0186812     -0.0189118
     77.3838654      0.0001246      0.0189066     -0.0187819
     77.8838654     -0.0000452      0.0189394     -0.0189846
     78.3838654     -0.0001301      0.0192779     -0.0194081
     78.8838654     -0.0001536      0.0192764     -0.0194300
     79.3838654      0.0002463      0.0194532     -0.0192069
     79.8838654      0.0001369      0.0196223     -0.0194854
     80.3838654      0.0001505      0.0195409     -0.0193904
     80.8838654      0.0001460      0.0197131     -0.0195670
     81.3838654      0.0000154      0.0201967     -0.0201813
     81.8838654     -0.0000384      0.0205906     -0.0206289
     82.3838654     -0.0001601      0.0209883     -0.0211484
     82.8838654     -0.0000166      0.0212825     -0.0212991
     83.3838654     -0.0001812      0.0212440     -0.0214253
     83.8838654     -0.0000909      0.0213508     -0.0214417
     84.3838654      0.0001048      0.0212739     -0.0211691
     84.8838654      0.0000574      0.0212087     -0.0211514
     85.3838654     -0.0000266      0.0208922     -0.0209188
     85.8838654     -0.0000111      0.0207845     -0.0207956
     86.3838654     -0.0002698      0.0205595     -0.0208293
     86.8838654     -0.0000306      0.0205340     -0.0205646
     87.3838654      0.0001680      0.0204575     -0.0202895
     87.8838654     -0.0002288      0.0201319     -0.0203607
     88.3838654      0.0000204      0.0200602     -0.0200399
     88.8838654      0.0002512      0.0201512     -0.0199000
     89.3838654      0.0000180      0.0200544     -0.0200364
     89.8838654      0.0000588      0.0201087     -0.0200499
     90.3838654      0.0006142      0.0205973     -0.0199831
     90.8838654     -0.0002754      0.0205302     -0.0208057
     91.3838654      0.0002001      0.0210582     -0.0208582
     91.8838654     -0.0001960      0.0210397     -0.0212357
     92.3838654     -0.0002103      0.0211330     -0.0213433
     92.8838654     -0.0001452      0.0211138     -0.0212590
     93.3838654     -0.0000211      0.0212923     -0.0213134
     93.8838654     -0.0002582      0.0209454     -0.0212036
     94.3838654     -0.0003205      0.0205735     -0.0208939
     94.8838654     -0.0000197      0.0204160     -0.0204357
     95.3838654     -0.0001355      0.0198758     -0.0200113
     95.8838654      0.0001813      0.0196703     -0.0194889
     96.3838654     -0.0000810      0.0193918     -0.0194728
     96.8838654      0.0002188      0.0195384     -0.0193195
     97.3838654      0.0004444      0.0194647     -0.0190203
     97.8838654      0.0005230      0.0194256     -0.0189025
     98.3838654      0.0004505      0.0196007     -0.0191502
     98.8838654      0.0000366      0.0197661     -0.0197295
     99.3838654      0.0001324      0.0209861     -0.0208538
     99.8838654      0.0000374      0.0220756     -0.0220382
    100.3838654     -0.0004714      0.0228914     -0.0233628
    100.8838654     -0.0006240      0.0226703     -0.0232943
    101.3838654     -0.0000868      0.0217630     -0.0218498
    101.8838654      0.0001650      0.0210405     -0.0208755
    102.3838654     -0.0008615      0.0212468     -0.0221083
    102.8838654     -0.0012369      0.0216710     -0.0229079
    103.3838654     -0.0001493      0.0224031     -0.0225524
    103.8838654      0.0012576      0.0224705     -0.0212130
    104.3838654     -0.0012659      0.0207548     -0.0220207
    104.8838654      0.0005137      0.0197718     -0.0192581
    105.3838654      0.0010019      0.0180791     -0.0170771
    105.8838654      0.0007553      0.0125727     -0.0118175
    106.3838654      0.0035136      0.0108746     -0.0073610
    106.8838654      0.0029884      0.0112931     -0.0083047
    107.3838654     -0.0008478      0.0163730     -0.0172208
    107.8838654     -0.0070130      0.0212118     -0.0282248
    108.3838654     -0.0051407      0.0245376     -0.0296783
    108.8838654      0.0019827      0.0049805     -0.0029978
    109.3838654      0.0003368      0.0003368      0.0000000
    109.8838654      0.0000138      0.0000138      0.0000000
    110.3838654      0.0000000      0.0000000      0.0000000
    110.8838654      0.0000000      0.0000000      0.0000000
    111.3838654      0.0000000      0.0000000      0.0000000
