#    Conf       T(K)      KE (Kcal/mol)  
 20904000      144.06418    16102.82227
 20905500      142.15607    15889.54199
 20907000      142.57487    15936.35449
 20908500      143.20972    16007.31445
 20910000      142.99184    15982.95996
 20911500      143.18721    16004.79883
 20913000      143.93004    16087.82813
 20914500      143.22151    16008.63281
 20916000      144.38208    16138.35449
 20917500      143.27400    16014.49902
 20919000      143.62050    16053.22949
 20920500      141.63036    15830.78027
 20922000      142.38527    15915.16016
 20923500      142.77054    15958.22461
 20925000      143.81262    16074.70508
 20926500      143.21297    16007.67773
 20928000      143.64304    16055.74902
 20929500      144.02600    16098.55469
 20931000      143.03131    15987.37305
 20932500      143.80858    16074.25195
 20934000      142.54810    15933.36035
 20935500      142.62225    15941.64941
 20937000      143.50740    16040.58789
 20938500      142.72287    15952.89746
 20940000      141.44196    15809.72168
 20941500      143.69002    16061.00000
 20943000      142.99419    15983.22363
 20944500      144.29950    16129.12500
 20946000      142.44136    15921.43066
 20947500      143.89302    16083.69043
 20949000      143.73309    16065.81543
 20950500      144.10294    16107.15332
 20952000      142.77303    15958.50293
 20953500      143.34894    16022.87598
 20955000      143.97769    16093.15430
 20956500      142.57402    15936.25879
 20958000      144.35632    16135.47656
 20959500      143.94420    16089.41211
 20961000      142.65833    15945.68262
 20962500      142.65184    15944.95703
 20964000      143.24910    16011.71582
 20965500      143.79028    16072.20703
 20967000      142.85159    15967.28418
 20968500      143.16859    16002.71777
 20970000      144.72289    16176.44824
 20971500      144.17651    16115.37793
 20973000      143.28395    16015.61230
 20974500      143.20180    16006.42871
 20976000      143.68755    16060.72266
 20977500      143.56435    16046.95313
 20979000      143.32507    16020.20801
 20980500      142.01537    15873.81543
 20982000      142.54706    15933.24512
 20983500      142.23344    15898.19141
 20985000      143.71974    16064.32324
 20986500      143.64354    16055.80469
 20988000      142.34956    15911.16992
 20989500      142.38023    15914.59766
 20991000      143.17830    16003.80176
 20992500      142.72560    15953.20215
 20994000      143.94661    16089.68164
 20995500      143.87691    16081.88965
 20997000      142.54086    15932.55273
 20998500      143.07724    15992.50684
 21000000      142.91562    15974.44141
 21001500      143.59062    16049.88965
 21003000      143.80598    16073.96191
 21004500      142.22479    15897.22461
 21006000      141.53099    15819.67480
 21007500      142.50293    15928.31250
 21009000      140.81490    15739.63184
 21010500      142.48555    15926.37109
 21012000      143.71518    16063.81250
 21013500      143.58025    16048.73047
 21015000      142.86021    15968.24805
 21016500      143.08363    15993.22168
 21018000      142.75764    15956.78418
 21019500      143.54819    16045.14746
 21021000      142.80022    15961.54199
 21022500      143.37575    16025.87207
 21024000      143.25153    16011.98730
 21025500      144.54562    16156.63574
 21027000      143.39749    16028.30371
 21028500      143.84627    16078.46484
 21030000      143.30171    16017.59668
 21031500      143.20621    16006.92188
 21033000      143.05673    15990.21387
 21034500      142.00357    15872.49707
 21036000      142.30215    15905.87109
 21037500      142.10997    15884.38965
 21039000      141.52904    15819.45605
 21040500      144.39108    16139.36230
 21042000      141.72954    15841.86621
 21043500      142.74081    15954.90234
 21045000      144.00697    16096.42871
 21046500      142.67635    15947.69629
 21048000      143.72720    16065.15527
 21049500      142.36401    15912.78613
 21051000      143.10309    15995.39551
 21052500      143.28210    16015.40625
 21054000      142.48792    15926.63477
 21055500      144.95750    16202.67285
 21057000      143.28777    16016.03906
 21058500      143.69527    16061.58691
 21060000      143.03931    15988.26660
 21061500      142.37379    15913.87793
 21063000      142.89417    15972.04297
 21064500      144.24649    16123.20020
 21066000      142.67299    15947.32031
 21067500      142.74164    15954.99512
 21069000      143.23169    16009.76953
 21070500      142.45224    15922.64648
 21072000      143.97520    16092.87695
 21073500      143.64919    16056.43457
 21075000      142.61990    15941.38770
 21076500      143.58705    16049.49121
 21078000      143.13196    15998.62207
 21079500      142.09662    15882.89648
 21081000      144.58337    16160.85449
 21082500      143.25514    16012.39063
 21084000      143.08116    15992.94434
 21085500      142.29697    15905.29199
 21087000      141.75165    15844.33789
 21088500      141.67612    15835.89453
 21090000      142.36209    15912.57031
 21091500      141.88316    15859.03809
 21093000      143.74130    16066.73242
 21094500      143.95677    16090.81641
 21096000      143.38252    16026.62988
 21097500      142.66196    15946.08789
 21099000      143.30893    16018.40332
 21100500      143.87407    16081.57227
 21102000      143.58157    16048.87793
 21103500      141.65118    15833.10938
 21105000      142.85605    15967.78223
 21106500      143.26602    16013.60840
 21108000      142.52020    15930.24414
 21109500      142.63126    15942.65625
 21111000      143.11180    15996.37012
 21112500      142.62469    15941.92285
 21114000      143.62717    16053.97559
 21115500      142.37802    15914.35156
 21117000      142.53856    15932.29492
 21118500      142.99355    15983.15234
 21120000      142.79013    15960.41406
 21121500      142.28836    15904.32910
 21123000      143.37608    16025.90918
 21124500      143.91876    16086.56738
 21126000      142.33086    15909.08008
 21127500      143.37233    16025.48926
 21129000      143.08112    15992.93945
 21130500      142.26663    15901.90039
 21132000      141.48833    15814.90625
 21133500      144.23494    16121.90918
 21135000      142.41603    15918.59961
 21136500      143.69258    16061.28613
 21138000      143.71980    16064.33008
 21139500      142.57100    15935.92188
 21141000      143.70172    16062.30859
 21142500      143.33794    16021.64551
 21144000      142.68301    15948.44141
 21145500      142.73111    15953.81738
 21147000      143.02408    15986.56445
 21148500      142.81644    15963.35449
 21150000      143.36658    16024.84766
 21151500      142.86378    15968.64746
 21153000      145.40981    16253.23047
 21154500      143.40350    16028.97461
 21156000      143.70949    16063.17578
 21157500      142.88898    15971.46289
 21159000      142.46933    15924.55762
 21160500      143.70081    16062.20508
 21162000      143.14830    16000.44922
 21163500      141.74873    15844.01270
 21165000      143.60394    16051.37891
 21166500      143.67401    16059.21094
 21168000      144.14326    16111.66211
 21169500      141.30719    15794.65918
 21171000      142.68001    15948.10547
 21172500      142.45264    15922.69141
 21174000      144.40138    16140.51270
 21175500      143.87245    16081.39063
 21177000      141.85869    15856.30273
 21178500      144.03403    16099.45215
 21180000      143.74582    16067.23633
 21181500      144.45258    16146.23438
 21183000      142.83502    15965.43262
 21184500      141.97572    15869.38379
 21186000      142.11424    15884.86816
 21187500      143.38591    16027.00879
 21189000      143.74660    16067.32324
 21190500      143.32835    16020.57520
 21192000      144.13168    16110.36719
 21193500      142.47891    15925.62793
 21195000      140.77103    15734.72852
 21196500      143.33179    16020.95898
 21198000      144.40559    16140.98340
 21199500      142.07222    15880.16992
 21201000      142.35234    15911.47949
 21202500      142.59923    15939.07715
 21204000      145.07275    16215.55566
 21205500      142.73238    15953.95898
 21207000      143.25308    16012.16113
 21208500      143.76657    16069.55664
 21210000      141.68921    15837.35938
 21211500      143.87247    16081.39258
 21213000      142.06290    15879.12695
 21214500      143.44136    16033.20605
 21216000      143.63013    16054.30469
 21217500      143.02953    15987.17383
 21219000      143.26559    16013.56055
 21220500      142.17137    15891.25293
 21222000      143.99315    16094.88281
 21223500      143.43636    16032.64648
 21225000      142.36302    15912.67480
 21226500      143.02702    15986.89355
 21228000      141.49805    15815.99219
 21229500      143.22910    16009.47949
 21231000      143.42497    16031.37500
 21232500      143.03491    15987.77637
 21234000      141.28270    15791.91992
 21235500      142.93262    15976.34180
 21237000      142.22977    15897.77930
 21238500      142.78792    15960.16797
 21240000      143.45827    16035.09570
 21241500      143.88774    16083.09961
 21243000      143.07927    15992.73340
 21244500      142.24364    15899.32910
 21246000      143.68686    16060.64648
 21247500      143.05704    15990.24902
 21249000      143.42117    16030.94922
 21250500      142.89748    15972.41406
 21252000      142.68333    15948.47754
 21253500      140.84541    15743.04395
 21255000      142.21724    15896.37988
 21256500      143.59056    16049.88184
 21258000      143.98543    16094.01855
 21259500      143.88734    16083.05664
 21261000      143.27832    16014.98242
 21262500      141.85048    15855.38477
 21264000      142.39941    15916.74219
 21265500      142.69409    15949.68066
 21267000      142.46042    15923.56152
 21268500      144.23285    16121.67480
 21270000      142.93016    15976.06543
 21271500      142.97333    15980.89258
 21273000      145.37421    16249.25098
 21274500      144.00690    16096.41895
 21276000      141.86487    15856.99316
 21277500      142.42442    15919.53711
 21279000      143.37772    16026.09180
 21280500      142.23657    15898.54004
 21282000      141.87866    15858.53516
 21283500      144.16028    16113.56348
 21285000      144.03481    16099.53906
 21286500      144.10190    16107.03809
 21288000      143.50002    16039.76270
 21289500      143.04965    15989.42285
 21291000      143.07979    15992.79199
 21292500      143.80818    16074.20801
 21294000      143.27286    16014.37109
 21295500      143.45822    16035.09082
 21297000      142.00951    15873.16016
 21298500      141.97446    15869.24219
 21300000      142.11244    15884.66504
 21301500      143.01984    15986.08984
 21303000      142.45294    15922.72559
 21304500      143.78038    16071.10059
 21306000      142.94301    15977.50293
 21307500      141.69551    15838.06348
 21309000      140.77687    15735.38184
 21310500      144.12416    16109.52539
 21312000      143.10126    15995.19141
 21313500      142.58849    15937.87500
 21315000      144.03072    16099.08105
 21316500      142.80238    15961.78418
 21318000      144.11479    16108.47852
 21319500      143.32478    16020.17480
 21321000      143.21094    16007.45117
 21322500      142.88075    15970.54395
 21324000      142.81941    15963.68750
 21325500      142.93950    15977.10938
 21327000      144.36992    16136.99707
 21328500      142.29468    15905.03418
 21330000      141.81268    15851.15918
 21331500      143.14386    15999.95313
 21333000      143.37720    16026.03320
 21334500      143.92387    16087.13965
 21336000      143.64268    16055.70996
 21337500      143.97852    16093.24609
 21339000      142.56151    15934.86133
 21340500      142.78175    15959.47852
 21342000      143.95399    16090.50586
 21343500      144.23399    16121.80273
 21345000      142.32559    15908.49023
 21346500      141.47331    15813.22754
 21348000      143.18608    16004.67285
 21349500      142.55554    15934.19434
 21351000      144.24400    16122.92188
 21352500      143.51213    16041.11719
 21354000      144.78262    16183.12695
 21355500      143.58917    16049.72852
 21357000      141.28288    15791.94238
 21358500      143.40480    16029.12012
 21360000      143.87233    16081.37793
 21361500      144.05499    16101.79395
 21363000      142.73750    15954.53223
 21364500      143.60905    16051.95020
 21366000      143.01263    15985.28516
 21367500      143.41681    16030.46191
 21369000      143.53326    16043.47754
 21370500      143.22656    16009.19727
 21372000      142.35199    15911.44043
 21373500      143.04999    15989.45996
 21375000      142.28819    15904.30957
 21376500      143.58018    16048.72266
 21378000      143.26556    16013.55566
 21379500      142.56117    15934.82324
 21381000      143.13931    15999.44434
 21382500      141.95810    15867.41406
 21384000      142.15190    15889.07617
 21385500      142.05533    15878.28223
 21387000      143.07692    15992.47070
 21388500      143.65320    16056.88477
 21390000      142.09485    15882.69922
 21391500      143.56349    16046.85840
 21393000      143.90724    16085.28027
 21394500      143.06105    15990.69727
 21396000      142.97557    15981.14160
 21397500      142.20555    15895.07422
 21399000      144.13748    16111.01563
 21400500      143.09193    15994.14941
 21402000      143.64088    16055.50781
 21403500      141.05006    15765.91895
 21405000      143.51979    16041.97363
 21406500      141.73242    15842.18848
 21408000      143.66710    16058.43750
 21409500      143.76224    16069.07227
 21411000      143.33545    16021.36719
 21412500      141.84525    15854.80078
 21414000      143.40167    16028.76953
 21415500      143.47064    16036.47949
 21417000      143.60890    16051.93359
 21418500      143.22665    16009.20703
 21420000      143.17111    16002.99902
 21421500      142.40689    15917.57813
 21423000      141.91454    15862.54492
 21424500      144.52916    16154.79590
 21426000      144.95763    16202.68750
 21427500      143.60068    16051.01367
 21429000      142.62061    15941.46484
 21430500      143.70033    16062.15332
 21432000      142.46806    15924.41602
 21433500      143.11815    15997.07910
 21435000      142.63420    15942.98535
 21436500      142.84894    15966.98730
 21438000      143.71251    16063.51465
 21439500      143.38365    16026.75586
 21441000      142.68182    15948.30859
 21442500      142.25876    15901.02051
 21444000      142.44310    15921.62500
 21445500      143.43126    16032.07617
 21447000      142.28979    15904.49023
 21448500      142.43800    15921.05566
 21450000      142.98674    15982.39063
 21451500      143.60535    16051.53516
 21453000      143.52023    16042.02246
 21454500      142.46288    15923.83594
 21456000      143.80881    16074.27734
 21457500      142.58577    15937.57227
 21459000      142.73569    15954.32910
 21460500      143.21251    16007.62598
 21462000      144.19632    16117.59277
 21463500      143.14798    16000.41309
 21465000      141.86636    15857.16016
 21466500      143.17606    16003.55176
 21468000      143.21245    16007.61816
 21469500      143.28506    16015.73633
 21471000      143.50513    16040.33301
 21472500      143.21323    16007.70605
 21474000      141.78011    15847.51953
 21475500      142.72905    15953.58691
 21477000      142.85052    15967.16504
 21478500      142.70810    15951.24512
 21480000      144.91371    16197.77832
 21481500      146.27405    16349.83105
 21483000      144.40933    16141.40234
 21484500      142.10461    15883.79102
 21486000      142.58069    15937.00391
 21487500      142.41940    15918.97656
 21489000      144.68069    16171.73242
 21490500      143.54973    16045.31836
 21492000      143.63652    16055.02051
 21493500      142.22794    15897.57422
 21495000      144.21130    16119.26660
 21496500      143.91325    16085.95215
 21498000      145.08536    16216.96484
 21499500      142.15929    15889.90234
 21501000      142.88258    15970.74902
 21502500      144.61763    16164.68359
 21504000      143.84607    16078.44238
 21505500      142.95648    15979.00977
 21507000      143.36516    16024.68848
 21508500      143.06854    15991.53418
 21510000      144.32253    16131.69824
 21511500      141.83609    15853.77539
 21513000      143.02034    15986.14648
 21514500      142.41441    15918.41797
 21516000      143.42229    16031.07520
 21517500      143.79402    16072.62500
 21519000      141.78223    15847.75586
 21520500      143.25917    16012.84082
 21522000      142.86162    15968.40430
 21523500      143.51630    16041.58105
 21525000      142.71523    15952.04199
 21526500      143.00372    15984.28906
 21528000      142.84612    15966.67285
 21529500      141.52963    15819.52148
 21531000      142.60707    15939.95313
 21532500      143.23404    16010.03223
 21534000      143.95996    16091.17188
 21535500      142.15430    15889.34375
 21537000      142.88521    15971.04297
 21538500      141.90514    15861.49414
 21540000      144.25977    16124.68359
 21541500      142.54611    15933.13965
 21543000      142.33939    15910.03320
 21544500      142.61124    15940.41895
 21546000      144.28720    16127.75098
 21547500      142.50696    15928.76270
 21549000      144.69333    16173.14551
 21550500      143.01500    15985.54980
 21552000      143.22493    16009.01465
 21553500      144.41896    16142.47852
 21555000      142.93411    15976.50781
 21556500      142.69258    15949.51074
 21558000      143.64648    16056.13477
 21559500      143.51845    16041.82227
 21561000      142.95958    15979.35547
 21562500      143.78856    16072.01367
 21564000      143.90506    16085.03711
 21565500      142.07704    15880.70801
 21567000      144.07719    16104.27539
 21568500      143.19742    16005.93945
 21570000      144.06927    16103.39160
 21571500      143.33113    16020.88477
 21573000      142.36305    15912.67871
 21574500      141.56662    15823.65723
 21576000      143.62968    16054.25684
 21577500      143.42717    16031.62012
 21579000      143.51797    16041.76953
 21580500      144.62735    16165.77051
 21582000      143.63823    16055.21191
 21583500      144.16161    16113.71094
 21585000      143.35620    16023.68652
 21586500      142.97859    15981.48047
 21588000      143.63518    16054.87012
 21589500      143.21581    16007.99512
 21591000      142.10573    15883.91504
 21592500      143.86447    16080.49902
 21594000      142.88791    15971.34375
 21595500      143.78543    16071.66504
 21597000      144.29640    16128.77930
 21598500      142.43266    15920.45801
 21600000      141.97993    15869.85449
 21601500      142.52776    15931.08691
 21603000      144.82640    16188.01953
 21604500      143.11467    15996.69043
 21606000      143.27325    16014.41602
 21607500      143.96487    16091.72266
 21609000      142.61533    15940.87500
 21610500      144.21706    16119.91016
 21612000      142.45454    15922.90332
 21613500      141.77382    15846.81543
 21615000      143.49825    16039.56445
 21616500      142.74681    15955.57227
 21618000      142.98631    15982.34277
 21619500      142.87265    15969.63867
 21621000      142.89621    15972.27148
 21622500      144.41008    16141.48535
 21624000      144.95567    16202.46973
 21625500      143.19211    16005.34570
 21627000      142.30695    15906.40625
 21628500      142.58908    15937.94141
 21630000      142.77989    15959.27051
 21631500      142.28133    15903.54199
 21633000      142.39926    15916.72559
 21634500      144.72945    16177.18262
 21636000      143.16623    16002.45410
 21637500      143.14609    16000.20313
 21639000      144.19221    16117.13281
 21640500      142.19225    15893.58691
 21642000      142.89780    15972.44922
 21643500      144.13675    16110.93359
 21645000      143.19044    16005.16016
 21646500      142.12723    15886.31934
 21648000      142.90587    15973.35156
 21649500      143.19115    16005.23828
 21651000      141.46147    15811.90332
 21652500      144.40991    16141.46680
 21654000      142.75832    15956.85840
 21655500      141.76599    15845.94141
 21657000      142.02115    15874.46191
 21658500      144.25761    16124.44336
 21660000      143.33165    16020.94238
 21661500      144.30775    16130.04785
 21663000      143.05580    15990.10938
 21664500      143.37257    16025.51758
 21666000      142.96660    15980.13965
 21667500      144.70523    16174.47559
 21669000      142.78717    15960.08398
 21670500      143.18953    16005.05762
 21672000      143.82234    16075.79004
 21673500      144.27499    16126.38672
 21675000      141.79088    15848.72266
 21676500      144.66353    16169.81348
 21678000      142.48419    15926.21875
 21679500      143.09258    15994.22070
 21681000      143.18719    16004.79688
 21682500      142.44406    15921.73242
 21684000      144.63161    16166.24707
 21685500      142.78139    15959.43750
 21687000      143.01419    15985.45898
 21688500      144.56224    16158.49316
 21690000      142.89249    15971.85547
 21691500      142.22438    15897.17773
 21693000      143.31195    16018.74023
 21694500      142.72426    15953.05273
 21696000      143.38445    16026.84375
 21697500      143.36980    16025.20703
 21699000      142.70847    15951.28711
 21700500      144.15666    16113.15918
 21702000      142.98454    15982.14453
 21703500      142.89670    15972.32617
 21705000      141.88524    15859.26953
 21706500      142.08693    15881.81445
 21708000      143.25967    16012.89746
 21709500      142.76375    15957.46680
 21711000      141.92102    15863.26953
 21712500      141.28258    15791.90625
 21714000      143.82050    16075.58398
 21715500      142.41057    15917.98828
 21717000      142.79362    15960.80469
 21718500      143.56903    16047.47656
 21720000      143.66498    16058.20117
 21721500      143.29645    16017.00879
 21723000      143.79655    16072.90723
 21724500      142.50017    15928.00293
 21726000      143.20837    16007.16309
 21727500      144.20682    16118.76563
 21729000      143.01770    15985.85254
 21730500      144.52853    16154.72559
 21732000      143.13564    15999.03320
 21733500      141.97969    15869.82813
 21735000      143.01390    15985.42676
 21736500      142.18115    15892.34668
 21738000      143.36978    16025.20605
 21739500      142.93388    15976.48242
 21741000      142.64169    15943.82227
 21742500      145.06372    16214.54590
 21744000      144.71576    16175.65234
 21745500      142.07413    15880.38281
 21747000      143.02724    15986.91699
 21748500      141.72945    15841.85645
 21750000      143.66463    16058.16113
 21751500      142.22096    15896.79590
 21753000      142.57680    15936.56934
 21754500      143.70277    16062.42578
 21756000      142.64301    15943.96875
 21757500      143.71716    16064.03516
 21759000      143.31865    16019.48926
 21760500      142.21423    15896.04297
 21762000      142.18031    15892.25195
 21763500      143.99023    16094.55762
 21765000      143.27301    16014.38867
 21766500      143.23924    16010.61426
 21768000      142.44710    15922.07324
 21769500      142.65236    15945.01465
 21771000      143.66702    16058.43066
 21772500      143.23865    16010.54688
 21774000      143.15245    16000.91406
 21775500      143.06438    15991.06836
 21777000      142.44846    15922.22363
 21778500      143.18724    16004.80078
 21780000      143.78133    16071.20605
 21781500      141.95479    15867.04395
 21783000      144.52348    16154.16113
 21784500      142.99541    15983.35840
 21786000      142.76468    15957.56934
 21787500      144.73674    16177.99805
 21789000      141.73938    15842.96680
 21790500      143.27939    16015.10156
 21792000      143.11559    15996.79199
 21793500      143.10028    15995.08203
 21795000      142.89474    15972.10840
 21796500      143.01697    15985.76855
 21798000      143.14972    16000.60742
 21799500      144.44595    16145.49414
 21801000      142.15022    15888.88867
 21802500      141.41348    15806.53906
 21804000      143.51910    16041.89648
 21805500      142.24144    15899.08496
 21807000      143.92174    16086.90039
 21808500      141.78882    15848.49219
 21810000      144.23720    16122.16211
 21811500      142.11623    15885.08789
 21813000      142.67207    15947.21875
 21814500      142.61113    15940.40723
 21816000      143.34901    16022.88379
 21817500      144.20795    16118.89160
 21819000      143.01947    15986.04883
 21820500      144.39882    16140.22559
 21822000      144.31488    16130.84277
 21823500      143.16405    16002.20996
 21825000      143.83878    16077.62695
 21826500      143.26843    16013.87695
 21828000      143.82721    16076.33496
 21829500      142.88905    15971.47168
 21831000      142.46013    15923.52930
 21832500      144.17380    16115.07422
 21834000      142.30913    15906.65039
 21835500      141.78612    15848.19043
 21837000      143.86241    16080.26855
 21838500      143.30373    16017.82227
 21840000      143.00186    15984.08105
 21841500      142.43375    15920.57910
 21843000      143.66656    16058.37891
 21844500      142.26485    15901.70215
 21846000      143.00996    15984.98730
 21847500      142.92484    15975.47168
 21849000      143.39597    16028.13184
 21850500      144.14209    16111.53027
 21852000      143.84895    16078.76465
 21853500      142.76651    15957.77539
 21855000      141.75627    15844.85449
 21856500      141.87073    15857.64844
 21858000      144.73582    16177.89453
 21859500      142.45474    15922.92578
 21861000      141.94827    15866.31543
 21862500      144.43492    16144.26270
 21864000      141.00418    15760.78906
 21865500      142.97185    15980.72559
 21867000      142.84866    15966.95801
 21868500      144.22565    16120.87012
 21870000      142.26810    15902.06445
 21871500      142.80600    15962.18848
 21873000      143.24759    16011.54785
 21874500      144.00424    16096.12207
 21876000      142.08272    15881.34375
 21877500      143.36601    16024.78320
 21879000      142.77341    15958.54492
 21880500      144.02705    16098.67188
 21882000      141.89992    15860.91016
 21883500      141.85646    15856.05273
 21885000      144.77626    16182.41504
 21886500      143.19563    16005.73926
 21888000      144.48445    16149.79785
 21889500      142.55882    15934.56055
 21891000      143.64047    16055.46191
 21892500      142.54729    15933.27051
 21894000      142.89552    15972.19434
 21895500      142.90121    15972.83008
 21897000      144.44189    16145.04004
 21898500      142.37088    15913.55273
 21900000      142.15784    15889.74023
 21901500      142.55063    15933.64355
 21903000      143.27643    16014.77051
 21904500      144.19324    16117.24707
 21906000      142.59814    15938.95410
 21907500      143.25758    16012.66406
 21909000      143.50974    16040.84766
 21910500      143.97820    16093.21094
 21912000      141.75070    15844.23242
 21913500      142.21246    15895.84570
 21915000      143.28415    16015.63379
 21916500      142.87506    15969.90820
 21918000      145.18137    16227.69531
 21919500      142.41791    15918.80957
 21921000      144.01144    16096.92773
 21922500      143.69443    16061.49219
 21924000      142.43996    15921.27441
 21925500      142.58989    15938.03320
 21927000      142.69026    15949.25293
 21928500      141.65204    15833.20410
 21930000      143.72298    16064.68457
 21931500      142.62512    15941.97168
 21933000      143.74271    16066.88867
 21934500      142.78429    15959.76074
 21936000      143.01186    15985.19922
 21937500      143.61519    16052.63477
 21939000      141.94044    15865.44043
 21940500      141.98309    15870.20801
 21942000      142.36502    15912.89746
 21943500      144.49995    16151.53125
 21945000      141.69711    15838.24316
 21946500      141.74500    15843.59375
 21948000      142.98245    15981.91113
 21949500      143.00046    15983.92480
 21951000      142.93671    15976.79883
 21952500      142.63942    15943.56836
 21954000      142.58583    15937.57910
 21955500      143.09969    15995.01465
 21957000      141.54053    15820.73926
 21958500      143.14777    16000.38867
 21960000      144.07115    16103.60156
 21961500      141.95006    15866.51563
 21963000      143.30116    16017.53613
 21964500      142.88278    15970.77051
 21966000      143.17171    16003.06641
 21967500      143.53006    16043.12109
 21969000      143.14633    16000.22949
 21970500      143.86978    16081.09277
 21972000      143.72685    16065.11816
 21973500      142.23679    15898.56348
 21975000      143.80627    16073.99414
 21976500      143.24707    16011.48926
 21978000      141.99800    15871.87500
 21979500      142.49857    15927.82520
 21981000      143.74960    16067.66016
 21982500      143.11537    15996.76855
 21984000      144.77611    16182.39844
 21985500      142.14772    15888.60938
 21987000      143.17116    16003.00391
 21988500      143.07195    15991.91406
 21990000      142.96428    15979.88086
 21991500      142.99419    15983.22266
 21993000      143.03313    15987.57520
 21994500      142.86688    15968.99414
 21996000      141.61911    15829.52246
 21997500      143.64877    16056.39063
 21999000      143.05070    15989.54102
 22000500      142.53763    15932.19043
 22002000      142.43819    15921.07617
 22003500      143.76860    16069.78418
 22005000      142.73566    15954.32617
 22006500      142.40282    15917.12305
 22008000      143.13530    15998.99609
 22009500      141.96382    15868.05273
 22011000      142.52499    15930.77930
 22012500      144.01732    16097.58496
 22014000      143.75636    16068.41602
 22015500      144.04489    16100.66602
 22017000      143.47206    16036.63770
 22018500      143.73608    16066.14941
 22020000      144.32455    16131.92480
 22021500      143.14813    16000.43066
 22023000      142.16368    15890.39355
 22024500      142.97266    15980.81738
 22026000      142.00400    15872.54492
 22027500      143.12633    15997.99219
 22029000      144.33939    16133.58301
 22030500      143.72597    16065.01855
 22032000      143.71394    16063.67383
 22033500      142.65465    15945.27148
 22035000      141.76749    15846.10742
 22036500      142.40950    15917.87012
 22038000      143.53835    16044.04688
 22039500      143.35359    16023.39648
 22041000      141.98827    15870.78711
 22042500      141.23546    15786.63965
 22044000      141.47183    15813.06055
 22045500      142.90979    15973.78906
 22047000      143.00848    15984.82129
 22048500      141.60255    15827.67383
 22050000      141.73149    15842.08594
 22051500      142.50346    15928.37305
 22053000      142.94904    15978.17578
 22054500      144.29457    16128.57520
 22056000      142.73358    15954.09375
 22057500      142.45547    15923.00781
 22059000      144.77985    16182.81543
 22060500      144.20715    16118.80176
 22062000      141.60329    15827.75391
 22063500      142.64688    15944.40332
 22065000      142.98676    15982.39160
 22066500      142.31781    15907.62012
 22068000      142.96045    15979.45215
 22069500      143.49463    16039.16016
 22071000      143.05521    15990.04395
 22072500      143.13539    15999.00586
 22074000      143.31998    16019.63770
 22075500      143.54993    16045.34082
 22077000      143.74553    16067.20410
 22078500      144.05901    16102.24414
 22080000      143.76410    16069.28027
 22081500      143.25548    16012.42871
 22083000      141.80618    15850.43457
 22084500      144.20427    16118.48145
 22086000      141.47902    15813.86426
 22087500      143.31752    16019.36426
 22089000      142.01639    15873.92871
 22090500      143.97163    16092.47754
 22092000      143.13847    15999.35156
 22093500      142.70540    15950.94336
 22095000      143.86841    16080.93945
 22096500      141.67255    15835.49609
 22098000      143.46028    16035.32227
 22099500      143.62691    16053.94629
 22101000      143.45918    16035.19727
 22102500      143.29066    16016.36230
 22104000      143.50691    16040.53320
 22105500      141.50146    15816.37305
 22107000      143.61028    16052.08691
 22108500      141.40538    15805.63379
 22110000      143.34309    16022.22266
 22111500      143.85443    16079.37695
 22113000      141.44226    15809.75586
 22114500      142.26312    15901.50879
 22116000      143.66502    16058.20508
 22117500      142.95428    15978.76270
 22119000      143.94873    16089.91797
 22120500      142.32257    15908.15332
 22122000      141.93547    15864.88477
 22123500      143.67902    16059.77051
 22125000      144.64995    16168.29688
 22126500      143.11026    15996.19727
 22128000      143.27852    16015.00391
 22129500      142.95053    15978.34375
 22131000      142.06854    15879.75879
 22132500      143.54532    16044.82520
 22134000      144.18509    16116.33594
 22135500      143.63470    16054.81641
 22137000      142.19757    15894.18164
 22138500      142.28352    15903.78809
 22140000      144.41769    16142.33594
 22141500      141.79912    15849.64453
 22143000      142.69780    15950.09375
 22144500      141.75502    15844.71582
 22146000      143.51755    16041.72266
 22147500      143.43761    16032.78613
 22149000      141.58408    15825.60840
 22150500      144.22041    16120.28516
 22152000      141.61433    15828.98926
 22153500      143.05952    15990.52734
 22155000      143.05923    15990.49414
 22156500      144.39931    16140.28125
 22158000      144.06055    16102.41504
 22159500      142.56561    15935.31934
 22161000      142.39920    15916.71777
 22162500      143.28212    16015.40625
 22164000      144.18477    16116.29980
 22165500      142.83267    15965.16992
 22167000      142.68491    15948.65234
 22168500      143.02521    15986.69043
 22170000      143.89439    16083.84375
 22171500      143.87901    16082.12500
 22173000      142.98799    15982.53027
 22174500      143.13461    15998.91895
 22176000      143.06404    15991.03027
 22177500      142.69177    15949.42090
 22179000      142.74174    15955.00586
 22180500      142.44266    15921.57617
 22182000      142.49034    15926.90527
 22183500      144.28439    16127.43555
 22185000      143.32336    16020.01758
 22186500      142.58513    15937.50000
 22188000      143.43744    16032.76855
 22189500      143.70790    16062.99805
 22191000      142.45828    15923.32227
 22192500      143.00826    15984.79492
 22194000      143.55486    16045.89160
 22195500      142.97549    15981.13281
 22197000      143.38425    16026.82227
 22198500      142.37752    15914.29492
 22200000      141.98167    15870.04883
 22201500      143.52585    16042.64941
 22203000      143.56444    16046.96289
 22204500      143.26848    16013.88184
 22206000      143.70760    16062.96484
 22207500      141.57829    15824.96094
 22209000      142.71758    15952.30371
 22210500      144.71375    16175.42773
 22212000      141.97520    15869.32617
 22213500      143.85080    16078.97168
 22215000      142.95691    15979.05566
 22216500      143.19011    16005.12207
 22218000      142.81015    15962.65332
 22219500      144.27206    16126.05762
 22221000      140.93207    15752.72949
 22222500      144.21063    16119.19141
 22224000      142.47386    15925.06348
 22225500      142.25000    15900.04102
 22227000      142.97031    15980.55469
 22228500      143.13782    15999.27637
 22230000      141.81619    15851.55176
 22231500      140.90334    15749.51758
 22233000      143.11203    15996.39551
 22234500      144.10777    16107.69434
 22236000      143.81335    16074.78516
 22237500      143.67444    16059.25879
 22239000      143.93790    16088.70703
 22240500      142.84798    15966.88086
 22242000      143.93596    16088.49023
 22243500      142.34425    15910.57715
 22245000      144.69357    16173.17285
 22246500      142.08992    15882.14844
 22248000      143.47395    16036.84863
 22249500      142.84282    15966.30371
 22251000      143.42166    16031.00391
 22252500      143.12268    15997.58594
 22254000      142.80429    15961.99805
 22255500      142.52254    15930.50391
 22257000      143.04950    15989.40527
 22258500      142.82076    15963.83691
 22260000      142.71758    15952.30469
 22261500      143.25290    16012.14160
 22263000      142.59985    15939.14648
 22264500      144.13309    16110.52344
 22266000      143.23502    16010.14258
 22267500      144.02525    16098.47070
 22269000      142.30101    15905.74219
 22270500      142.03943    15876.50488
 22272000      142.65570    15945.38965
 22273500      142.70172    15950.53320
 22275000      143.96007    16091.18555
 22276500      142.62740    15942.22461
 22278000      143.55370    16045.76172
 22279500      143.22482    16009.00293
 22281000      142.97585    15981.17285
 22282500      142.98630    15982.34180
 22284000      142.10399    15883.71973
 22285500      143.51524    16041.46387
 22287000      143.54944    16045.28711
 22288500      142.86990    15969.33105
 22290000      143.55592    16046.01172
 22291500      141.96449    15868.12891
 22293000      142.07681    15880.68262
 22294500      143.42586    16031.47266
 22296000      143.06065    15990.65332
 22297500      143.86319    16080.35645
 22299000      142.94350    15977.55762
 22300500      141.92207    15863.38770
 22302000      144.68475    16172.18750
 22303500      141.41228    15806.40527
 22305000      143.88553    16082.85254
 22306500      144.61028    16163.86230
 22308000      142.38258    15914.86133
 22309500      142.02528    15874.92285
 22311000      143.09897    15994.93555
 22312500      142.63277    15942.82520
 22314000      142.80199    15961.74023
 22315500      143.15207    16000.87109
 22317000      143.47739    16037.23242
 22318500      144.03192    16099.21582
 22320000      142.60699    15939.94336
 22321500      142.36928    15913.37402
 22323000      142.54584    15933.10840
 22324500      142.99217    15982.99805
 22326000      143.30583    16018.05664
 22327500      142.54900    15933.46094
 22329000      144.29607    16128.74121
 22330500      143.64059    16055.47461
 22332000      143.54672    16044.98340
 22333500      143.16774    16002.62207
 22335000      140.43645    15697.33008
 22336500      144.10887    16107.81836
 22338000      143.73068    16065.54492
 22339500      141.57195    15824.25195
 22341000      144.09721    16106.51367
 22342500      142.28658    15904.12988
 22344000      143.61798    16052.94727
 22345500      143.89290    16083.67578
 22347000      143.82028    16075.56055
 22348500      143.37387    16025.66211
 22350000      142.39352    15916.08398
 22351500      143.67448    16059.26367
 22353000      142.99135    15982.90625
 22354500      143.29039    16016.33008
 22356000      143.58815    16049.61426
 22357500      143.74707    16067.37695
 22359000      143.92615    16087.39258
 22360500      142.46741    15924.34180
 22362000      142.73877    15954.67383
 22363500      144.99805    16207.20508
 22365000      142.61673    15941.03320
 22366500      143.53651    16043.84277
 22368000      143.21254    16007.62891
 22369500      141.52034    15818.48242
 22371000      143.07545    15992.30664
 22372500      143.06172    15990.77246
 22374000      143.91069    16085.66602
 22375500      143.27716    16014.85352
 22377000      142.80418    15961.98633
 22378500      142.67725    15947.79785
 22380000      143.36014    16024.12695
 22381500      142.34496    15910.65625
 22383000      143.65164    16056.71094
 22384500      143.05748    15990.29785
 22386000      142.89706    15972.36621
 22387500      142.88332    15970.83105
 22389000      144.17082    16114.74121
 22390500      145.23318    16233.48730
 22392000      142.65218    15944.99512
 22393500      143.11201    15996.39355
 22395000      143.45116    16034.30176
 22396500      141.79115    15848.75391
 22398000      140.96828    15756.77637
 22399500      142.02693    15875.10742
 22401000      143.14929    16000.55957
 22402500      143.44484    16033.59473
